1.785963e+00 -7.062262e-01 9.867847e-01 9.295201e-02
1.437820e+00 1.295569e-01 1.486507e+00 8.087013e-02
1.113307e+00 3.713735e-01 1.384670e+00 1.000107e-01
1.911401e+00 1.169817e-01 1.201177e+00 8.272052e-01
1.678230e+00 4.032995e-01 1.177163e+00 9.043661e-01
1.746621e+00 9.723466e-02 1.112057e+00 7.317988e-01
1.598729e+00 1.884118e-01 1.162855e+00 6.242853e-01
8.911937e-01 3.181491e-01 1.157326e+00 5.201723e-02
8.277429e-01 -2.765414e-01 8.196255e-01 -2.684240e-01
1.491404e+00 7.805820e-01 1.194396e+00 1.077590e+00
1.425831e+00 -1.016627e+00 9.062598e-01 -4.970560e-01
1.125847e+00 3.157943e-01 1.274893e+00 1.667480e-01
2.231797e+00 4.692078e-02 1.148807e+00 1.129911e+00
1.396675e+00 6.540518e-02 6.915352e-01 7.705452e-01
1.121144e+00 -3.353881e-01 8.882048e-01 -1.024485e-01
8.335431e-01 5.001107e-02 1.201012e+00 -3.174579e-01
1.795024e+00 -1.680922e-02 1.381033e+00 3.971817e-01
7.648324e-01 6.029804e-01 1.251071e+00 1.167418e-01
6.405149e-01 -3.664403e-01 7.182019e-01 -4.441272e-01
2.511407e+00 -2.369839e-01 1.212864e+00 1.061559e+00
9.406874e-01 8.006359e-02 1.536642e+00 -5.158906e-01
7.322556e-01 -2.212729e-01 1.174520e+00 -6.635370e-01
1.569031e+00 2.170043e-01 1.449096e+00 3.369392e-01
9.963231e-01 -7.705825e-02 1.634848e+00 -7.155834e-01
6.545194e-01 -1.887895e-01 7.256717e-01 -2.599418e-01
6.264827e-01 -1.123442e+00 8.062610e-01 -1.303221e+00
1.042730e+00 2.080516e-01 6.173160e-01 6.334653e-01
9.500384e-01 4.521441e-02 1.173537e+00 -1.782844e-01
1.201554e+00 8.154407e-02 1.295119e+00 -1.202081e-02
1.133495e+00 2.271396e-01 1.452738e+00 -9.210302e-02
8.478248e-01 9.749966e-02 1.210950e+00 -2.656259e-01
2.683139e+00 8.528029e-03 1.288389e+00 1.403278e+00
8.427895e-01 5.162655e-01 1.371559e+00 -1.250437e-02
1.088462e+00 -5.884381e-01 1.602199e+00 -1.102176e+00
4.020914e-01 -3.010224e-01 1.273380e+00 -1.172311e+00
1.851420e+00 5.281327e-02 8.665727e-01 1.037660e+00
1.050190e+00 -5.899677e-01 1.025170e+00 -5.649482e-01
7.434226e-01 3.989275e-01 1.108213e+00 3.413697e-02
-4.556887e-01 3.068312e-01 7.930288e-01 -9.418863e-01
9.107758e-01 1.472312e-01 9.592813e-01 9.872570e-02
1.892521e-01 1.301429e-01 1.115412e+00 -7.960168e-01
5.790755e-01 -1.193300e-01 1.029691e+00 -5.699459e-01
6.590401e-01 -1.067134e-01 7.143682e-01 -1.620416e-01
5.503101e-01 -2.286096e-01 6.923191e-01 -3.706186e-01
5.413324e-01 2.893312e-01 8.593757e-01 -2.871212e-02
2.161079e+00 -1.260723e-02 1.443629e+00 7.048433e-01
6.185246e-01 3.686470e-01 1.185323e+00 -1.981513e-01
7.157741e-01 2.837190e-01 1.279658e+00 -2.801654e-01
2.222245e+00 8.750340e-02 1.428000e+00 8.817486e-01
9.949974e-01 -1.403026e-01 1.119450e+00 -2.647554e-01
-1.361514e-01 -2.127611e-01 9.073697e-01 -1.256282e+00
8.721517e-01 2.594059e-02 1.150075e+00 -2.519824e-01
1.572446e+00 7.513826e-01 1.296478e+00 1.027351e+00
1.118553e+00 1.305059e-01 1.568977e+00 -3.199181e-01
2.007143e+00 1.629292e-02 1.175653e+00 8.477831e-01
3.778040e-01 3.645501e-01 1.177933e+00 -4.355793e-01
7.343079e-01 2.587262e-01 1.015710e+00 -2.267535e-02
1.382342e+00 3.077663e-01 1.125746e+00 5.643628e-01
1.415889e+00 8.694518e-02 1.304255e+00 1.985789e-01
1.433810e+00 5.750515e-02 1.519575e+00 -2.825929e-02
1.474762e+00 1.227085e-01 1.922352e+00 -3.248816e-01
3.074257e-01 -1.694178e-01 7.031492e-02 6.769299e-02
9.434363e-01 4.773155e-02 7.156715e-01 2.754963e-01
6.694257e-01 -1.603001e-01 1.276961e+00 -7.678356e-01
6.144269e-01 1.794656e-03 1.074636e+00 -4.584142e-01
2.160176e+00 -1.498880e-01 1.218644e+00 7.916435e-01
1.469926e-01 1.013995e-01 1.385940e+00 -1.137548e+00
2.614915e+00 4.150915e-01 1.381420e+00 1.648587e+00
-2.044867e-01 -1.064504e-01 9.408360e-01 -1.251773e+00
2.966017e-01 -5.312961e-01 9.300046e-01 -1.164699e+00
6.521339e-01 -9.030985e-01 9.272070e-01 -1.178172e+00
2.120646e+00 -2.166990e-01 1.391621e+00 5.123264e-01
1.357416e+00 4.023360e-01 1.187315e+00 5.724378e-01
3.590023e+00 3.342119e-01 1.665962e+00 2.258274e+00
9.250282e-01 -2.230892e-01 1.141799e+00 -4.398602e-01
1.369151e+00 -1.334524e-02 1.209340e+00 1.464650e-01
1.107414e+00 -4.132967e-01 1.132228e+00 -4.381110e-01
6.492736e-01 -4.872938e-02 1.046225e+00 -4.456803e-01
6.446224e-01 -7.992149e-02 9.871748e-01 -4.224739e-01
2.706216e+00 2.393208e-01 1.145055e+00 1.800482e+00
1.301853e+00 -1.542588e-01 1.394662e+00 -2.470687e-01
7.285951e-01 -4.759296e-01 1.074973e+00 -8.223072e-01
8.186908e-01 6.855600e-01 1.017414e+00 4.868369e-01
6.229554e-01 -3.070422e-01 6.763070e-01 -3.603938e-01
2.191890e+00 -4.889477e-02 1.116347e+00 1.026648e+00
1.576658e+00 3.380721e-02 1.218946e+00 3.915186e-01
5.372530e-01 2.895572e-01 1.063604e+00 -2.367939e-01
9.694874e-02 2.371549e-01 8.457600e-01 -5.116564e-01
1.584925e+00 4.256973e-01 1.191057e+00 8.195658e-01
4.951547e-01 -1.365064e+00 7.316585e-01 -1.601568e+00
1.677180e+00 -2.749785e-01 1.509886e+00 -1.076842e-01
9.381839e-01 -8.018204e-01 1.196547e+00 -1.060184e+00
2.549657e+00 4.436833e-01 1.572874e+00 1.420466e+00
1.485408e+00 -1.441262e-01 9.294078e-01 4.118739e-01
1.779952e+00 6.866611e-02 1.022065e+00 8.265531e-01
1.213268e+00 -1.762575e-02 7.748250e-01 4.208176e-01
1.312057e+00 2.639648e-01 1.010316e+00 5.657055e-01
1.719717e+00 -3.286912e-01 1.310610e+00 8.041555e-02
1.024363e+00 2.527166e-01 1.314068e+00 -3.698921e-02
9.832260e-01 -1.001001e-01 1.303027e+00 -4.199007e-01
1.279798e+00 1.658662e-01 1.193523e+00 2.521412e-01
8.916116e-01 9.635852e-02 1.030591e+00 -4.262124e-02
1.187379e+00 -5.163096e-02 1.374650e+00 -2.389025e-01
8.580052e-01 -1.214356e-02 8.897846e-01 -4.392300e-02
1.808990e+00 7.394040e-02 1.280170e+00 6.027610e-01
6.627631e-01 -2.699155e-02 1.458240e+00 -8.224686e-01
1.337819e+00 7.197496e-01 1.066684e+00 9.908847e-01
1.626712e+00 1.729348e-01 1.297877e+00 5.017706e-01
1.440687e+00 3.688160e-01 1.486594e+00 3.229089e-01
1.672426e-01 -4.611014e-01 6.474151e-01 -9.412739e-01
8.123412e-01 2.232985e-02 6.002449e-01 2.344261e-01
9.499938e-01 -5.662266e-01 6.352561e-01 -2.514888e-01
1.389153e+00 -6.357206e-01 1.493754e+00 -7.403210e-01
8.791925e-01 -1.770481e-01 1.018753e+00 -3.166084e-01
1.609554e+00 5.269483e-01 1.386997e+00 7.495057e-01
-9.451603e-02 -2.155693e-01 1.141483e+00 -1.451569e+00
8.396461e-01 1.895648e-01 1.222267e+00 -1.930561e-01
1.111218e+00 4.352317e-01 1.003328e+00 5.431216e-01
2.168689e+00 3.003749e-01 1.189520e+00 1.279544e+00
5.851446e-01 1.958643e-01 1.182716e+00 -4.017068e-01
1.250712e+00 3.971777e-01 1.606474e+00 4.141601e-02
2.380305e+00 1.857574e-01 2.236855e+00 3.292079e-01
-2.169158e-03 5.741209e-01 1.070189e+00 -4.982371e-01
9.408817e-01 -2.152699e-01 1.122066e+00 -3.964546e-01
4.765990e-01 -1.264620e-01 1.184455e+00 -8.343179e-01
3.090074e-01 1.347706e-01 1.324213e+00 -8.804350e-01
4.966083e-01 -1.035131e-01 1.072451e+00 -6.793555e-01
1.711763e+00 1.163829e-01 1.496209e+00 3.319370e-01
1.099764e+00 -8.892076e-02 1.406066e+00 -3.952222e-01
1.305720e+00 2.585620e-01 1.280991e+00 2.832912e-01
1.460290e+00 -6.213483e-01 8.704706e-01 -3.152850e-02
1.301139e+00 -1.340947e-02 1.158265e+00 1.294645e-01
1.146909e+00 1.993235e-01 1.330059e+00 1.617380e-02
1.628614e+00 -5.495871e-01 1.177773e+00 -9.874596e-02
2.108897e+00 -4.736463e-01 1.718183e+00 -8.293222e-02
1.967531e+00 3.685198e-01 1.124634e+00 1.211416e+00
1.234119e+00 -2.275126e-01 7.150192e-01 2.915875e-01
1.331185e+00 9.876183e-02 9.579912e-01 4.719560e-01
1.281637e+00 -3.307279e-02 1.183651e+00 6.491292e-02
2.319511e-01 6.183784e-01 9.868091e-01 -1.364797e-01
1.177790e+00 -1.119352e+00 8.261317e-01 -7.676941e-01
