0.07295297421  
0.06731430874  
-0.05290676615  
-0.008897943302  
0.07715318638  
0.01823263195  
-0.0258764533  
0.03777045231  
0.001304885302  
0.03517101244  
-0.001751057432  
0.07779099593  
-0.0209774283  
0.1053743552  
-0.01707910847  
0.0731877753  
-0.02581462128  
-0.03323823784  
-0.006888009444  
-0.02920868505  
0.02180305771  
-0.05227328295  
0.112807334  
0.04467982416  
0.07897593073  
-0.03241613981  
0.07405341191  
0.04355402541  
0.02067256467  
-0.05814674639  
0.04709227412  
0.08204335199  
-0.02174788653  
-0.04467412491  
0.01674107791  
-0.008664892985  
0.02114130796  
0.02887738153  
-0.001233244284  
-0.03354375391  
-0.004341986532  
0.02329908683  
-0.07341685033  
-0.001898871805  
0.02649549188  
0.02136412294  
0.006810093616  
-0.06686260711  
0.09533485927  
0.07363191267  
-0.001442203493  
0.1011303859  
0.05133000303  
0.003889007061  
0.02759441714  
0.0008789497258  
-0.01450989071  
0.02899212114  
0.06048096891  
