0.0549186958  
0.04200615915  
0.01946910112  
-0.004464648074  
0.06145746554  
0.0002201146792  
0.03705159991  
0.03354441182  
-0.04987657567  
0.1358907792  
0.1399798436  
-0.002116767912  
0.1016869937  
-0.01676844305  
0.005802786851  
0.05324209759  
0.01796435515  
0.08411625539  
-0.04090429053  
0.05055531504  
-0.001493363529  
-0.05684359674  
0.02123437756  
-0.01908382723  
0.07175180901  
-0.04097357566  
0.08030520247  
-0.003598500857  
0.04344139667  
0.01001109709  
-0.08151565023  
0.004757726583  
-0.02217332004  
-0.05219293078  
-0.1186434328  
0.002074207366  
0.09233663093  
0.0009470065816  
-0.06619772713  
-0.05694835179  
-0.1198956375  
-0.02051910286  
0.002049136703  
0.05809802882  
0.008818804849  
0.03044462385  
-0.08736995316  
-0.1007552095  
-0.06363302877  
0.02963844016  
0.03271258392  
-0.032380865  
0.03909878852  
-0.05155046581  
-0.04756574094  
0.0105573476  
-0.1124144001  
-0.09918663472  
0.03906289677  
