0.1333110464  
-0.03827410825  
-0.03909273327  
-0.03254627639  
-0.2400813785  
0.06068588417  
-0.005882733959  
-0.1871381099  
0.006916251461  
-0.2583718846  
-0.09789868426  
-0.2826448673  
-0.2135605647  
-0.07369148345  
-0.03848255356  
0.0313891799  
-0.2947543314  
-0.2757158915  
-0.08343787443  
-0.09415464478  
-0.1700963045  
-0.0875443821  
0.03004675664  
0.02892292094  
-0.04295140656  
0.01771464034  
-0.02057121385  
-0.3392152005  
-0.05468443778  
0.000487620383  
0.06752258132  
-0.08737639288  
0.02533574182  
-0.1464862512  
0.02403888588  
0.06744598093  
-0.1286860387  
0.1107910996  
-0.06552927514  
0.07396247115  
0.02261053831  
0.03305470358  
0.08154319832  
-0.03366579816  
-0.2528548454  
0.1505511663  
-0.1680306253  
0.05099767994  
0.1069796912  
-0.03507465887  
-0.02414382058  
-0.03272122301  
-0.00564994382  
-0.1315165616  
-0.06182749136  
-0.1041389457  
0.160974933  
0.1014885654  
-0.007649922957  
