-0.006701958295  
0.09588751459  
0.01334813558  
0.1463797609  
0.1551104745  
0.2616546078  
-0.001422567975  
0.125261245  
0.3858993608  
0.08629515745  
0.1230385001  
-0.022026044  
-0.0150929625  
0.1465086763  
0.03457553778  
0.192367137  
0.2458664904  
0.04922469397  
0.1378456048  
0.08227289133  
0.08108884343  
-0.1398513057  
0.151468538  
-0.04579296445  
0.02141044407  
0.1594264104  
0.1549893058  
-0.1298577529  
0.15528541  
-0.02245770493  
0.01895469189  
-0.07678556301  
0.1934358252  
0.01730220182  
0.1093153506  
-0.02848138205  
0.00840590295  
0.1080936135  
0.09607527012  
0.1932932879  
0.2325529193  
0.0323704319  
0.08804546687  
-0.03486755674  
0.05027764692  
0.1014517327  
-0.112590283  
-0.1178477824  
0.02884486357  
0.001446516442  
0.01091541749  
-0.1234132088  
0.1008577339  
0.1162085682  
0.1379383877  
0.0007319997933  
0.1776511344  
0.05216450963  
0.09758201816  
