0.205386015  
0.1511204253  
-0.08789787201  
0.001400891743  
0.3134688191  
0.09133189327  
0.03009979447  
-0.03599565674  
-0.0403337594  
-0.1198669795  
0.3835460595  
-0.1586884355  
0.1254981266  
-0.03777212617  
-0.07962150839  
0.03770123215  
0.2617213685  
0.01680348382  
0.1428431969  
0.02763747845  
-0.0559135778  
0.07464520015  
0.2282178737  
-0.05427780648  
-0.1191653571  
0.2302489929  
0.226701237  
-0.09254622269  
-0.03392404455  
-0.07393910004  
-0.03222973761  
-0.03079612343  
-0.1007166515  
0.04427403642  
-0.01778170565  
-0.008067496041  
-0.08295562479  
-0.07571725465  
-0.05562362362  
-0.06884211409  
0.05158751529  
-0.08118618593  
0.08643320864  
0.05665562397  
0.3307026886  
0.2190477359  
-0.1773613263  
-0.04840354702  
-0.06166355896  
0.1685596627  
-0.08318197973  
0.2087420299  
-0.008508467753  
0.1652410159  
-0.07663744997  
0.02246700813  
-0.01029662072  
0.01758105002  
-0.1857022838  
