-0.04214405487  
0.03015703487  
-0.0360901057  
-0.02723614216  
-0.08338559116  
-0.06121604413  
-0.05389177893  
-0.05323083379  
0.03060283816  
0.05336131568  
-0.04386374779  
-0.01166467555  
-0.007167243912  
0.007797435344  
0.03431767268  
0.00562798434  
-0.1340188504  
0.0288284096  
0.03899314542  
-0.0214210065  
0.03539894201  
-0.1369855188  
-0.01065950445  
0.02147661064  
0.06929146473  
-0.02411453285  
0.03445126894  
-0.07957647376  
-0.01510927022  
0.05899620929  
-0.005018570097  
-0.06849750254  
0.02322117303  
0.03947738545  
0.006237026191  
0.003755526361  
-0.04134989949  
-0.02892610876  
0.06276714151  
0.0219810094  
0.0009673934473  
-0.04406337721  
0.02615310676  
0.1683455153  
0.05053830879  
0.09974263584  
-0.01846284331  
0.09612806756  
-0.01776469917  
-0.02439048619  
0.03928238911  
-0.03812217973  
0.01565370861  
0.089021164  
-0.03278808557  
-0.03024299299  
0.0389456391  
0.05473985982  
0.03069006832  
