-0.008632053811  
-0.006117023788  
0.02932567136  
-0.01942681879  
-0.07706507666  
-0.03168161446  
-0.05424982302  
-0.01337934352  
0.07998359688  
0.02140430158  
-0.1238732966  
-0.004960601024  
0.03313858016  
-0.05435558735  
0.09850424442  
0.003488561291  
-0.1168468276  
0.03378221826  
-0.02473702238  
-0.01192749393  
0.01559675047  
-0.09378795547  
0.0369607127  
0.01556411457  
0.0339386475  
-0.02489940882  
0.01826859967  
-0.0832039792  
-0.06810507377  
0.01329741244  
-0.009842776385  
-0.07514571858  
0.02152293715  
0.0004356162177  
-0.008656697946  
0.02485268  
-0.06168696029  
-0.04243569737  
0.06879865931  
0.01338727784  
0.02954419451  
-0.09257599639  
0.01624219566  
0.147789844  
-0.01950480369  
0.08226487208  
0.03559391745  
0.1354985289  
-0.002884112135  
-0.06352015652  
0.003491055621  
-0.06241771092  
-0.03292767621  
0.01612310033  
-0.02940620812  
0.0429703977  
-0.02942036137  
0.09382968409  
-0.02404837285  
