-0.1781162512  
0.364421344  
0.06596715648  
-0.2054427052  
-0.03119468166  
-0.2695158299  
0.09261593834  
0.009012247502  
0.1910518481  
-0.0702959942  
0.1117425202  
0.1206626089  
0.1763028131  
0.02878095305  
-0.2944961224  
0.05583125263  
0.1558116672  
0.1786746169  
0.03816341588  
0.06252837931  
0.01960413836  
0.1264632598  
0.01162482656  
0.1000730345  
0.04660892837  
0.0772264194  
0.1754712024  
-0.2629185763  
0.2154205736  
0.1714585826  
-0.01073035667  
0.05081007352  
-0.111190579  
0.02049656626  
0.3085352706  
0.05379879342  
-0.0493283653  
0.01634470126  
-0.05656870091  
0.08402565887  
0.1705900752  
0.0978822016  
0.2060811853  
0.3271686896  
0.3512148626  
0.09283487938  
0.3629872137  
0.2301154487  
-0.04260400084  
0.5005927133  
0.1663548858  
0.04509442638  
-0.103710916  
0.0488212994  
-0.1823871601  
-0.0673504325  
-0.2680273143  
-0.1082820832  
0.2579814181  
