-0.05126098072  
0.01672338082  
0.06619571152  
0.08177339156  
-0.1031258007  
0.0517743233  
-0.01256559307  
0.08933822925  
-0.05434094023  
0.09206057798  
0.1292129777  
0.1778728419  
0.1934756367  
-0.004525050414  
0.001168696696  
0.07717060566  
0.09490908843  
0.2456043053  
-0.0155351843  
0.06626162962  
0.03720014487  
0.03977588234  
-0.2177315575  
0.02334640025  
0.0531195286  
0.03822201413  
-0.07301654425  
-0.2283678606  
0.01465621167  
0.002633380702  
-0.1653796733  
-0.0797103003  
-0.02041329617  
-0.1541892849  
-0.08568700287  
-0.1111401614  
0.008108285169  
-0.05329682802  
-0.09041224146  
0.009849326803  
-0.163341376  
0.1968341726  
-0.1335944644  
-0.04855309326  
0.008340143953  
-0.08954299516  
0.05385647345  
0.09346585208  
-0.0451541824  
-0.1172088512  
0.06297783324  
-0.1278349652  
-0.08476264885  
-0.1437713808  
0.1136620603  
0.09720621498  
0.01699607178  
-0.0982878663  
-0.2401804004  
