0.08933614231  
-0.02091172944  
0.1109990605  
0.0519237082  
-0.01026714664  
0.02010048453  
-0.0156700701  
-0.01679448554  
0.1053534935  
-0.02318442238  
-0.1102094683  
-0.03308810278  
-0.007873344215  
-0.0674199213  
0.1023313107  
0.0200274575  
-0.04894304775  
0.01174636124  
-0.07944614786  
0.05001830244  
-0.009886046062  
-0.01908509537  
0.08560486958  
-0.01049255029  
0.01636613375  
-0.04357672266  
-0.02827635901  
-0.06327816708  
-0.08474637427  
-0.04657768897  
-0.0211797966  
-0.04694550299  
0.01627859011  
-0.06633810662  
-0.04473370553  
0.06147742235  
0.0007594961411  
-0.03531899981  
0.01003210195  
0.01814605629  
0.0589603302  
-0.02575157428  
-0.008162225437  
0.043485973  
-0.075480987  
0.03849736407  
0.08341322493  
0.0605309474  
-0.02048247064  
-0.08909526519  
-0.02424757163  
-0.04518886854  
-0.04062025813  
-0.08062109053  
0.008306901868  
0.07593605553  
-0.06172814801  
0.06925011743  
-0.09064309731  
