0.08491651818  
0.3157966974  
0.04037035513  
0.1307855536  
0.1319028601  
0.0973575763  
-0.03986364623  
0.05886640621  
0.1432146496  
0.1104970919  
0.187751097  
0.03068863658  
0.06022689118  
0.126001212  
0.02042747282  
0.1202579109  
0.1154147034  
0.1591929018  
0.2076843668  
0.03520941353  
0.006505203305  
0.01001316958  
0.1111256466  
0.1183043911  
0.09765639701  
0.01881425467  
0.1846309346  
0.04273318586  
0.1830794971  
0.05689767924  
0.08323414992  
-0.05021753485  
0.08041055702  
0.08430731956  
0.002608853821  
0.06094447811  
0.0821960419  
-0.05132155433  
0.04322592906  
0.07517992699  
0.03674177736  
0.07948622576  
0.2816245288  
0.1351283904  
-0.007424582943  
0.1551086066  
0.1257324712  
-0.01651202636  
0.03095456714  
0.1822122714  
0.14363461  
-0.02859174278  
0.05244144419  
0.07588607411  
0.1549494391  
0.002067835965  
0.1196841568  
0.06942638611  
0.08230742941  
