0.08215730814  
-0.1386032728  
-0.0967058374  
-0.08331121414  
-0.3369389529  
0.03303202155  
-0.1365192257  
-0.1519448158  
-0.2188094236  
-0.1221490044  
-0.1216765662  
-0.2866922319  
-0.2486389191  
-0.08399483078  
0.004856613435  
-0.1370361023  
-0.1941922176  
-0.338447369  
0.1418696889  
-0.08286531699  
-0.2933001936  
-0.1524974157  
-0.106677128  
0.0183581897  
0.007352546715  
0.1155594543  
0.08704198862  
-0.5699063583  
-0.2098663247  
0.03140310538  
0.1087799805  
-0.03262344741  
-0.06917250956  
-0.03361517239  
0.09576303004  
0.08172387156  
-0.1201275071  
0.001574340741  
-0.1381456034  
-0.1527353896  
-0.1385507414  
-0.1553016446  
0.06579914557  
-0.07163268672  
-0.05761068392  
0.03211174628  
-0.09044570713  
-0.0536815893  
0.03171358538  
0.01986255389  
-0.2201953525  
-0.1294173194  
0.06378682063  
-0.1057815172  
-0.3078916281  
-0.1066488484  
0.0480200684  
-0.007001501171  
-0.172142803  
