0.02973075087  
-0.08117612961  
0.06550983013  
0.0304443731  
-0.02798909336  
0.02703355816  
0.001075868651  
-0.01236395787  
-0.03401703189  
-0.1438448222  
0.01316610805  
-0.04137940612  
-0.108715229  
-0.02382784199  
0.04863200482  
-0.07438759156  
0.01169504929  
0.02419144779  
-0.06596594869  
0.02917120649  
0.0160051698  
0.008397871501  
0.02511619798  
-0.03416266159  
-0.04674713937  
0.01324888412  
-0.05497961191  
-0.03835133227  
-0.01554200533  
0.03097199976  
-0.007327269857  
-0.09498946356  
0.03117402081  
0.06534358888  
-0.0004676299556  
0.007374139091  
-0.06321920222  
-0.0203450986  
-0.01756771724  
0.1022368888  
-0.04324669179  
-0.06807967442  
0.08695922071  
-0.01133041877  
0.007744810738  
-0.0235186798  
-0.01607190004  
0.03500185708  
-0.06061295587  
-0.08884168838  
-0.03300403474  
-0.049751193  
0.008905376202  
0.06230788783  
-0.04367849586  
0.006985055005  
-0.02131940669  
-0.03540965907  
-0.1041484867  
