-0.05160252912  
-0.3027859309  
-0.06053439904  
-0.09642241442  
-0.3320207917  
-0.008330199922  
-0.1807555071  
-0.1718202624  
-0.2577984361  
0.07481559825  
-0.007819461129  
-0.1491266605  
-0.09095251712  
-0.05122055977  
0.0700086191  
-0.1773899017  
-0.008801086232  
-0.2471407252  
0.2534972121  
-0.0255495568  
-0.2082857576  
-0.1419468933  
-0.04232110125  
0.009837660284  
0.07612303306  
0.03051994503  
0.1873336127  
-0.4473455521  
-0.2807950445  
0.002768777638  
0.05715546768  
-0.0808540981  
-0.1358281669  
0.01924500751  
0.08786732874  
0.118044201  
0.02283405674  
-0.1074034371  
-0.1767553416  
-0.2634918819  
-0.2123870286  
-0.157289765  
0.008042514664  
-0.040009429  
-0.006574060904  
0.02577526787  
0.01586524659  
-0.1490075961  
-0.05466718536  
0.004126120749  
-0.2428755905  
-0.1412846275  
0.1589987081  
-0.01546619043  
-0.296588712  
-0.03247550177  
-0.07624130578  
-0.06213482605  
-0.1113454348  
