-0.02246721804  
-0.2131471907  
0.06895089342  
0.04200080721  
0.00892784681  
-0.197252638  
0.07443283145  
0.0881948405  
-0.06691039138  
-0.05198198537  
-0.2829890526  
0.2720060205  
-0.1814017274  
0.1330158841  
0.03184293869  
-0.00666571577  
-0.358925342  
0.1082374857  
-0.0182091133  
-0.121780763  
0.04596243658  
-0.08205049376  
0.04070097391  
0.1025469814  
0.1665212546  
0.02985286369  
-0.1030806418  
0.152389555  
-0.05582364313  
0.05667696384  
0.01806257544  
-0.02408869605  
0.08383962594  
-0.02502563288  
0.04617795864  
0.03891717479  
-0.06030298332  
0.05792111406  
0.05721587068  
-0.0696619867  
-0.1309890491  
0.1119321545  
-0.008235082508  
-0.04435110471  
-0.2150904254  
-0.1332887245  
0.1361872523  
0.2233111469  
-0.03934988828  
-0.1562365863  
-0.05725717133  
0.007164644915  
0.05448895537  
-0.05172654234  
0.1351420849  
-0.0608611799  
-0.04972505832  
-0.003220284822  
0.04524890771  
