0.05480359997  
0.2836015172  
0.05115501113  
0.1672376991  
0.1963112901  
0.2119637303  
0.001076893249  
0.07454020054  
0.2995330003  
0.149767255  
0.2332179979  
0.02274529141  
0.08513908264  
0.1885258186  
0.02704975388  
0.190582434  
0.2296112281  
0.153966124  
0.2737659205  
0.05767463273  
0.1124786052  
-0.04751782882  
0.1720706083  
0.09086188947  
0.1247343719  
0.1299425293  
0.171750827  
-0.1167828251  
0.2280089387  
-0.0008678180733  
0.05040294873  
-0.1027329633  
0.1860013422  
0.06550618965  
0.0624945486  
0.07628670451  
0.1004393531  
0.04303084322  
0.07070892302  
0.2042193781  
0.1720016053  
0.09155116971  
0.2708730218  
0.09608592539  
0.06331762285  
0.160184039  
0.01292256245  
-0.1096173023  
0.07855491418  
0.04527865187  
0.1013457025  
-0.04022330724  
0.08352223322  
0.1505461297  
0.2071849456  
-0.001785325582  
0.1935859083  
0.06352985592  
0.1427801508  
