-0.07113568687  
-0.007620113159  
0.005097094267  
-0.02228386773  
-0.04907039223  
-0.03963765018  
0.03459502906  
-0.04271626285  
-0.01908458889  
0.02943783024  
-0.02374913966  
-0.04470241411  
0.1105057478  
-0.1060981764  
-0.007087907569  
-0.02499314124  
-0.05560661628  
-0.03246168664  
0.06503174154  
0.003870522648  
-0.09706734024  
0.08430546615  
-0.1492949919  
-0.01638269981  
-0.06153091938  
0.02424517545  
-0.02767276447  
-0.04010516238  
0.02679583005  
0.056981186  
-0.04732367504  
-0.04435438064  
-0.04521105092  
0.01583120444  
-0.05133726709  
-0.03074603447  
0.05756669577  
-0.04028942177  
-0.02031328696  
-0.03097073408  
-0.03350462532  
0.09089318467  
0.008858724388  
0.04784952301  
-0.02397872573  
-0.01236962615  
0.02877963533  
-0.003426473179  
-0.06740454668  
-0.05254590645  
-0.02789841056  
-0.104200162  
-0.02104399816  
-0.05940502688  
0.009959891508  
-0.02434743324  
0.04425378564  
-0.009461016798  
0.06065649711  
