-0.01628621051  
0.01636857112  
-0.01249988793  
-0.1353410521  
-0.3286786126  
0.1990481638  
-0.1191613704  
-0.06569452024  
0.090788008  
0.1767798468  
-0.004490846833  
-0.1885979065  
0.1255493236  
-0.0918820824  
0.0990949657  
0.008826600918  
0.1872658221  
-0.1286357584  
-0.03740991684  
0.1163618844  
-0.1848475341  
0.04606337403  
-0.1240896539  
0.1090539923  
-0.1716926823  
-0.1425610438  
0.08317132  
-0.08944328912  
0.1436585903  
-0.07000109991  
0.00934001797  
0.1036370565  
-0.1022022481  
-0.01698105719  
0.05151840976  
0.105436868  
0.1832026125  
0.02906633887  
0.09447202949  
0.1241407513  
-0.00627533211  
0.005612248518  
-0.03933997574  
0  
-0.2412488309  
-0.002273041784  
-0.07891111575  
0.04102786997  
0.1492988418  
-0.02476039919  
0.07157062553  
-0.1361260283  
-0.0008476398057  
0.1201930128  
-0.09452240155  
0.1342105229  
0.07326229315  
-0.04347299436  
0.157258604  
