-0.03247913314  
-0.04159670435  
-0.0555202256  
0.02974619201  
-0.01792849977  
0.01107913028  
0.1220092713  
0.06359796769  
-0.005901758525  
-0.02318420225  
0.03746667378  
-0.1260340177  
0.06608633347  
-0.09951595885  
-0.04846160128  
0.1197804465  
0.1383121133  
0.01482583665  
0.07110822198  
-0.1840734758  
-0.03623018145  
-0.005241177757  
0.243863699  
0.03163623289  
-0.03132833295  
0.105418728  
0.0694140545  
-0.1303571899  
0.09189072209  
-0.1964125381  
-0.09199111761  
-0.04638282376  
-0.09302693005  
0.04669946049  
-0.04281181841  
-0.03588811724  
-0.004175165294  
0.04646016606  
-0.02628528027  
0.03205240485  
-0.01988934489  
-0.1334961713  
-0.0995356274  
0  
-0.1151533064  
0.1216700801  
-0.04484485408  
-0.0833697905  
0.1377491133  
0.009814977002  
0.03395273309  
-0.1637592437  
-0.003816981637  
0.1654278179  
0.08103628028  
-0.02721362184  
0.01556956016  
0.04410930416  
0.04216515947  
