0.006772201823  
-0.1440523432  
0.01825654735  
-0.05505822486  
0.07598721683  
-0.01530362906  
-0.0597552956  
-0.02260886437  
0.006607109634  
-0.02474816276  
0.008053393358  
0.07450687119  
-0.09518474955  
0.09826215966  
0.1480472534  
-0.1643366961  
-0.1634816679  
-0.07218190102  
-0.05227100891  
0.2146202894  
-0.02569564758  
0.07809358322  
-0.1696989283  
-0.05000581912  
-0.07229027641  
-0.09744685142  
-0.06360416969  
0.1762114745  
0.02436559625  
0.1191048916  
0.01164803616  
0.1243574419  
0.04445648117  
-0.1352509948  
0.07952537456  
0.09519351706  
0.05640271824  
0.03632948337  
-0.03158574372  
-0.06941735196  
-0.01766079182  
0.01087939432  
0.1161616547  
-0.08004584877  
0.0367659521  
-0.106868967  
-0.08713558947  
0.06672804291  
-0.1579250942  
-0.1410260089  
-0.08072417024  
0.09681664746  
0.04538098117  
-0.0994703418  
-0.1289697308  
0.0286203424  
-0.1147640656  
0.04056043066  
0.01077824724  
