0.03041149844  
0.2608173921  
0.01177506965  
0  
-0.1165282653  
0.02169941213  
-0.03386819709  
0.05859341139  
-0.0198111824  
0.1782072356  
-0.1021825914  
0.002980243736  
0.0525552085  
-0.01002203639  
-0.1433311251  
0  
0.09845009096  
0.05981996389  
0.01970831756  
-0.1116148941  
0.05492180016  
-0.09725891966  
0.08074223581  
0.05814613876  
0.07888127852  
0.04665430419  
0.007623495687  
-0.130914508  
-0.07244905499  
-0.001836746666  
0.09318674005  
-0.158825799  
0.01454602458  
0.2112297044  
-0.06984588555  
-0.06702090595  
-0.0599911877  
-0.07453921145  
0.004636363408  
0.1030240492  
0.02036734721  
0.1371597966  
-0.03792361878  
0.008484387762  
0.06921732561  
0.09056063241  
0.1611148908  
-0.145151587  
0.08066529563  
0.2483302883  
0.02902701145  
-0.0841297589  
-0.162054937  
0.05246104152  
0.09449918577  
-0.01699997586  
0.1068550741  
-0.0882927419  
0.009388352231  
