  1   1 0.090
  1   1 0.087
  1   1 0.083
  1   1 0.087
  1   1 0.097
  1   1 0.089
  1   1 0.096
  1   1 0.075
  1   1 0.073
  1   1 0.085
  1   1 0.086
  1   1 0.103
  1   1 0.097
  1   1 0.099
  1   1 0.084
  1   1 0.066
  1   1 0.086
  1   1 0.100
  1   1 0.086
  1   1 0.082
  1   1 0.090
  1   1 0.077
  1   1 0.088
  1   1 0.072
  1   1 0.077
  1   1 0.078
  1   1 0.079
  1   1 0.072
  1   1 0.104
  1   1 0.100
  1   1 0.078
  1   1 0.077
  1   1 0.099
  1   1 0.081
  1   1 0.076
  1   1 0.083
  1   1 0.075
  1   1 0.082
  1   1 0.085
  1   1 0.076
  1   1 0.071
  1   1 0.086
  1   1 0.069
  1   1 0.069
  1   1 0.084
  1   1 0.070
  1   1 0.076
  1   1 0.079
  1   1 0.088
  1   1 0.083
  1   1 0.080
  1   1 0.093
  1   1 0.076
  1   1 0.092
  1   1 0.085
  1   1 0.081
  1   1 0.081
  1   1 0.067
  1   1 0.089
