  1   1 -0.020
  1   1 -0.018
  1   1 -0.004
  1   1 -0.000
  1   1 -0.045
  1   1 -0.030
  1   1 0.005
  1   1 -0.016
  1   1 -0.044
  1   1 -0.043
  1   1 0.004
  1   1 -0.014
  1   1 -0.010
  1   1 -0.004
  1   1 -0.038
  1   1 -0.033
  1   1 0.009
  1   1 -0.033
  1   1 -0.027
  1   1 -0.028
  1   1 -0.016
  1   1 -0.024
  1   1 -0.050
  1   1 -0.049
  1   1 -0.048
  1   1 0.005
  1   1 -0.034
  1   1 -0.009
  1   1 -0.043
  1   1 -0.015
  1   1 -0.018
  1   1 -0.052
  1   1 -0.030
  1   1 -0.043
  1   1 -0.039
  1   1 -0.072
  1   1 -0.033
  1   1 -0.019
  1   1 -0.020
  1   1 -0.027
  1   1 -0.074
  1   1 -0.029
  1   1 -0.038
  1   1 -0.023
  1   1 -0.026
  1   1 -0.036
  1   1 -0.062
  1   1 -0.035
  1   1 -0.030
  1   1 -0.039
  1   1 -0.030
  1   1 -0.037
  1   1 -0.023
  1   1 -0.046
  1   1 -0.058
  1   1 -0.023
  1   1 -0.057
  1   1 -0.052
  1   1 -0.040
