  1   1 -0.319
  1   1 -0.316
  1   1 -0.311
  1   1 -0.305
  1   1 -0.291
  1   1 -0.328
  1   1 -0.307
  1   1 -0.310
  1   1 -0.314
  1   1 -0.316
  1   1 -0.300
  1   1 -0.303
  1   1 -0.288
  1   1 -0.301
  1   1 -0.311
  1   1 -0.331
  1   1 -0.301
  1   1 -0.308
  1   1 -0.302
  1   1 -0.324
  1   1 -0.314
  1   1 -0.303
  1   1 -0.314
  1   1 -0.317
  1   1 -0.317
  1   1 -0.320
  1   1 -0.324
  1   1 -0.327
  1   1 -0.264
  1   1 -0.299
  1   1 -0.327
  1   1 -0.329
  1   1 -0.319
  1   1 -0.316
  1   1 -0.323
  1   1 -0.328
  1   1 -0.329
  1   1 -0.312
  1   1 -0.314
  1   1 -0.314
  1   1 -0.327
  1   1 -0.304
  1   1 -0.326
  1   1 -0.326
  1   1 -0.324
  1   1 -0.326
  1   1 -0.320
  1   1 -0.329
  1   1 -0.312
  1   1 -0.317
  1   1 -0.304
  1   1 -0.305
  1   1 -0.320
  1   1 -0.310
  1   1 -0.302
  1   1 -0.318
  1   1 -0.323
  1   1 -0.322
  1   1 -0.309
