  1   1 -0.169
  1   1 -0.151
  1   1 -0.149
  1   1 -0.160
  1   1 -0.177
  1   1 -0.174
  1   1 -0.143
  1   1 -0.161
  1   1 -0.176
  1   1 -0.175
  1   1 -0.147
  1   1 -0.145
  1   1 -0.155
  1   1 -0.147
  1   1 -0.172
  1   1 -0.178
  1   1 -0.139
  1   1 -0.170
  1   1 -0.159
  1   1 -0.168
  1   1 -0.159
  1   1 -0.169
  1   1 -0.179
  1   1 -0.182
  1   1 -0.184
  1   1 -0.144
  1   1 -0.177
  1   1 -0.146
  1   1 -0.180
  1   1 -0.152
  1   1 -0.158
  1   1 -0.190
  1   1 -0.169
  1   1 -0.180
  1   1 -0.177
  1   1 -0.202
  1   1 -0.168
  1   1 -0.160
  1   1 -0.166
  1   1 -0.173
  1   1 -0.202
  1   1 -0.170
  1   1 -0.170
  1   1 -0.159
  1   1 -0.163
  1   1 -0.169
  1   1 -0.188
  1   1 -0.173
  1   1 -0.176
  1   1 -0.162
  1   1 -0.172
  1   1 -0.175
  1   1 -0.163
  1   1 -0.182
  1   1 -0.202
  1   1 -0.165
  1   1 -0.196
  1   1 -0.192
  1   1 -0.171
