  1   1 -0.506
  1   1 -0.461
  1   1 -0.490
  1   1 -0.513
  1   1 -0.490
  1   1 -0.515
  1   1 -0.489
  1   1 -0.495
  1   1 -0.479
  1   1 -0.480
  1   1 -0.486
  1   1 -0.469
  1   1 -0.489
  1   1 -0.474
  1   1 -0.493
  1   1 -0.517
  1   1 -0.486
  1   1 -0.477
  1   1 -0.475
  1   1 -0.495
  1   1 -0.484
  1   1 -0.499
  1   1 -0.478
  1   1 -0.489
  1   1 -0.487
  1   1 -0.494
  1   1 -0.488
  1   1 -0.472
  1   1 -0.524
  1   1 -0.477
  1   1 -0.477
  1   1 -0.503
  1   1 -0.493
  1   1 -0.502
  1   1 -0.500
  1   1 -0.481
  1   1 -0.485
  1   1 -0.496
  1   1 -0.503
  1   1 -0.510
  1   1 -0.487
  1   1 -0.488
  1   1 -0.483
  1   1 -0.466
  1   1 -0.461
  1   1 -0.487
  1   1 -0.467
  1   1 -0.479
  1   1 -0.505
  1   1 -0.462
  1   1 -0.480
  1   1 -0.491
  1   1 -0.500
  1   1 -0.493
  1   1 -0.514
  1   1 -0.497
  1   1 -0.517
  1   1 -0.506
  1   1 -0.476
