  1   1 0.277
  1   1 0.270
  1   1 0.266
  1   1 0.269
  1   1 0.277
  1   1 0.278
  1   1 0.280
  1   1 0.252
  1   1 0.260
  1   1 0.271
  1   1 0.269
  1   1 0.286
  1   1 0.277
  1   1 0.283
  1   1 0.264
  1   1 0.255
  1   1 0.271
  1   1 0.282
  1   1 0.268
  1   1 0.270
  1   1 0.276
  1   1 0.258
  1   1 0.272
  1   1 0.258
  1   1 0.258
  1   1 0.262
  1   1 0.266
  1   1 0.256
  1   1 0.276
  1   1 0.278
  1   1 0.265
  1   1 0.263
  1   1 0.288
  1   1 0.266
  1   1 0.259
  1   1 0.268
  1   1 0.260
  1   1 0.259
  1   1 0.266
  1   1 0.262
  1   1 0.254
  1   1 0.267
  1   1 0.249
  1   1 0.250
  1   1 0.271
  1   1 0.255
  1   1 0.260
  1   1 0.271
  1   1 0.270
  1   1 0.264
  1   1 0.260
  1   1 0.277
  1   1 0.258
  1   1 0.274
  1   1 0.265
  1   1 0.265
  1   1 0.266
  1   1 0.247
  1   1 0.270
