2.47671000 0.95 -2.16168800
5.41261800 1.20 0.77422000
11.83352600 0.85 -2.16168800
14.26864100 0.80 0.27342700
20.78145200 0.95 -2.16168800
23.31656500 0.80 0.37342500
25.84335300 0.95 2.90021300
32.00591000 1.15 -2.16168800
34.73287300 1.20 0.56527500
41.05376100 0.95 -2.16168800
43.53062400 1.15 0.31517500
45.95726700 1.00 2.74181800
48.58414800 1.15 5.36869900
117.69821600 1.15 -2.16168800
120.42556100 1.20 0.56565700
122.95219300 1.10 3.09228900
129.62351000 1.05 -2.16168800
132.10850400 0.85 0.32330600
138.72973900 0.85 -2.16168800
