2.52685100 1.10 -2.02474405
5.10394000 0.90 0.55234495
11.12473200 0.85 -2.02474405
13.60154900 1.15 0.45207295
16.07823600 1.00 2.92875995
18.56325500 0.90 5.41377895
25.03440200 0.95 -2.02474405
27.76128200 1.15 0.70213595
96.93379600 1.05 -2.02474405
99.46090600 0.90 0.50236595
105.82373000 1.20 -2.02474405
108.35047400 1.10 0.50199995
110.98560400 1.05 3.13712995
180.05790200 0.85 -2.02474405
182.83529800 1.10 0.75265195
189.49828300 1.05 -2.02474405
192.22517500 1.20 0.70214795
198.44555200 1.20 -2.02474405
201.02286000 0.95 0.55256395
