269.87900800 1.15 -2.21865309
272.51455900 1.15 0.41689791
275.19134500 1.10 3.09368391
344.40552500 0.95 -2.21865309
346.88280100 1.15 0.25862291
352.84510400 0.85 -2.21865309
355.27185700 1.00 0.20809991
357.49839600 0.90 2.43463891
363.76948400 0.90 -2.21865309
366.25437600 0.80 0.26623891
368.68117700 0.90 2.69303991
437.64524100 0.80 -2.21865309
440.57276600 1.20 0.70887191
446.83537600 0.95 -2.21865309
449.26203800 0.90 0.20800891
455.63316000 1.10 -2.21865309
458.26004800 1.20 0.40823491
460.68660100 0.80 2.83478791
463.16334100 1.10 5.31152791
469.39270400 0.95 -2.21865309
472.32806800 1.20 0.71671091
541.45062400 1.10 -2.21865309
544.07779000 0.90 0.40851291
