390.47141800 1.20 -2.48550892
393.14861800 1.20 0.19169108
399.06096600 0.80 -2.48550892
401.89634600 1.10 0.34987108
404.53159000 1.20 2.98511508
473.29535900 0.80 -2.48550892
475.63086800 0.90 -0.14999992
478.35781600 1.20 2.57694808
480.93459100 1.10 5.15372308
487.39737900 1.05 -2.48550892
489.72398000 0.95 -0.15890792
496.14509000 1.00 -2.48550892
498.68018900 0.80 0.04959008
505.14291900 0.95 -2.48550892
507.71984800 1.00 0.09142008
510.29661600 1.00 2.66818808
512.98175200 1.00 5.35332408
519.30292300 1.15 -2.48550892
521.88800400 0.90 0.09957208
528.71780600 1.20 -2.48550892
531.39457400 0.95 0.19125908
534.02978500 1.15 2.82647008
540.70105200 1.05 -2.48550892
543.32787700 1.00 0.14131608
