2.32677800 0.90 -2.32038395
4.81213300 0.90 0.16497105
7.51418300 1.20 2.86702105
10.14101600 1.20 5.49385405
79.26344400 0.85 -2.32038395
81.89909200 1.15 0.31526405
88.71217200 1.10 -2.32038395
91.09711800 0.85 0.06456205
93.62393900 1.15 2.59138305
100.29520200 1.10 -2.32038395
102.93033100 1.15 0.31474505
109.69337400 1.05 -2.32038395
112.32015100 1.00 0.30639305
118.44951600 1.15 -2.32038395
120.77605200 0.95 0.00615205
123.40297200 1.20 2.63307205
192.41700500 0.95 -2.32038395
195.24408700 1.10 0.50669805
197.97137500 1.05 3.23398605
266.93548200 1.05 -2.32038395
269.32083600 0.95 0.06497005
