2.67698100 0.95 -2.18235700
5.21237600 0.85 0.35303800
7.73916200 0.85 2.87982400
76.76167700 1.00 -2.18235700
79.38898600 1.20 0.44495200
85.76001800 0.95 -2.18235700
88.39519600 0.90 0.45282100
90.78012500 0.80 2.83775000
159.84433200 1.10 -2.18235700
162.32977100 1.00 0.30308200
168.70919900 0.90 -2.18235700
171.48609600 1.10 0.59454000
240.70042100 1.10 -2.18235700
243.28600600 1.05 0.40322800
246.16293800 1.20 3.28016000
248.59795300 1.00 5.71517500
255.52779600 1.05 -2.18235700
257.90443900 1.05 0.19428600
264.77592500 1.20 -2.18235700
