269.95420000 1.20 -2.19478114
272.58975400 1.15 0.44077286
341.35362400 0.85 -2.19478114
343.68063800 0.85 0.13223286
346.39099200 1.05 2.84258686
352.77045300 1.20 -2.19478114
354.99676900 0.80 0.03153486
357.42350900 0.80 2.45827486
364.35340300 1.00 -2.19478114
367.18035000 1.10 0.63216586
436.64487600 1.15 -2.19478114
439.43059800 1.20 0.59094086
442.01562400 1.00 3.17596686
448.39511600 1.10 -2.19478114
450.92186400 1.05 0.33196686
453.44856000 1.00 2.85866286
455.62502900 0.85 5.03513186
462.34641700 1.10 -2.19478114
465.08170800 1.15 0.54050986
471.49440700 0.95 -2.19478114
474.37147100 1.15 0.68228286
543.25219900 1.05 -2.19478114
