2.32677500 0.95 -2.58608685
4.85387500 0.80 -0.05898685
7.48075800 1.05 2.56789615
10.00750400 0.95 5.09464215
16.43698200 1.10 -2.58608685
19.36405800 1.20 0.34098915
22.29109000 1.20 3.26802115
28.80388400 1.05 -2.58608685
31.73935200 1.20 0.34938115
34.27437400 0.95 2.88440315
37.05133500 1.20 5.66136415
106.32391800 1.05 -2.58608685
108.85941700 1.05 -0.05058785
177.68168300 0.85 -2.58608685
180.50923100 1.15 0.24146115
186.92194700 0.95 -2.58608685
189.75731100 1.15 0.24927715
196.11999900 0.90 -2.58608685
198.84692000 1.05 0.14083415
267.66920600 0.85 -2.58608685
