270.68794200 1.00 -2.16560114
273.32353100 0.95 0.46998786
275.75856500 1.05 2.90502186
281.67091500 0.80 -2.16560114
284.20604300 1.00 0.36952686
290.71895500 1.20 -2.16560114
293.44590100 1.20 0.56134486
295.77236100 0.80 2.88780486
302.28532900 1.00 -2.16560114
305.17069500 1.15 0.71976486
307.74737300 0.85 3.29644286
314.01009900 1.05 -2.16560114
316.78705100 1.10 0.61135086
385.75949400 1.10 -2.16560114
388.53686200 1.20 0.61176686
391.21361900 1.10 3.28852386
397.28448300 0.80 -2.16560114
399.91121200 1.15 0.46112786
402.38807500 1.00 2.93799086
471.85263000 1.20 -2.16560114
474.38798700 1.15 0.36975586
543.21034300 0.95 -2.16560114
