200.25471700 0.85 -2.80442968
203.08224400 1.20 0.02309732
205.65893800 1.15 2.59979132
208.33576800 1.15 5.27662132
214.80682800 0.95 -2.80442968
216.99166800 0.80 -0.61958968
219.81871000 1.20 2.20745232
222.44552100 1.20 4.83426332
228.86649500 0.95 -2.80442968
231.35147400 0.80 -0.31945068
300.41503700 0.80 -2.80442968
303.20090300 1.15 -0.01856368
305.43568200 0.90 2.21621532
374.85777300 1.20 -2.80442968
377.13457700 0.95 -0.52762568
383.39731200 0.95 -2.80442968
385.77388600 0.80 -0.42785568
388.35903500 1.05 2.15729332
457.73097300 1.10 -2.80442968
460.65812600 1.20 0.12272332
463.24335300 0.95 2.70795032
465.82025400 1.00 5.28485132
534.73347700 1.05 -2.80442968
537.26060000 0.95 -0.27730668
543.52319400 0.95 -2.80442968
