2.47676500 1.15 -2.39308110
5.25408100 1.20 0.38423490
7.63056100 0.85 2.76071490
76.09286300 0.85 -2.39308110
78.52829700 1.00 0.04235290
147.64077100 0.85 -2.39308110
150.47659700 1.15 0.44274490
153.21174800 1.00 3.17789590
156.03870100 1.15 6.00484890
225.35965400 1.20 -2.39308110
227.73644700 0.80 -0.01628810
230.67185900 1.20 2.91912390
236.94248200 0.90 -2.39308110
239.52770100 0.90 0.19213790
242.15449000 1.00 2.81892690
248.62538100 1.05 -2.39308110
251.06045800 0.90 0.04199590
320.57304400 1.20 -2.39308110
323.10010300 0.90 0.13397790
329.72123800 1.10 -2.39308110
332.35630100 1.10 0.24198190
