275.37269600 1.20 -1.69962585
278.25010400 1.20 1.17778215
281.12705500 1.15 4.05473315
287.74768100 0.85 -1.69962585
290.13308600 0.85 0.68577915
358.65408200 0.85 -1.69962585
361.18957800 0.95 0.83587015
364.02490600 1.10 3.67119815
433.18792000 1.20 -1.69962585
435.81492300 0.90 0.92737715
442.78642500 1.15 -1.69962585
444.91277800 0.80 0.42672715
451.32552500 0.95 -1.69962585
453.95229200 1.15 0.92714115
522.75653000 0.85 -1.69962585
525.28365700 0.80 0.82750115
531.45448500 0.95 -1.69962585
533.78102700 0.85 0.62691615
540.30223500 1.15 -1.69962585
543.13746800 1.20 1.13560715
