2.52687200 0.95 -2.04028580
5.00394000 1.10 0.43678220
7.58074700 1.10 3.01358920
76.24457400 0.80 -2.04028580
78.57166600 0.80 0.28680620
81.49829700 1.20 3.21343720
87.91150900 0.95 -2.04028580
90.64683500 1.15 0.69504020
159.91103000 0.95 -2.04028580
162.23801700 0.90 0.28670120
164.92335700 1.15 2.97204120
171.39442500 1.00 -2.04028580
173.92125200 1.20 0.48654120
176.59802700 0.95 3.16331620
183.26937700 1.05 -2.04028580
186.14636000 1.20 0.83669720
192.50894500 0.85 -2.04028580
194.98580800 1.00 0.43657720
201.25684800 1.10 -2.04028580
203.79189100 0.85 0.49475720
