2.67701800 0.95 -2.16562589
5.15411300 0.80 0.31146911
7.98109100 1.15 3.13844711
10.76643000 1.20 5.92378611
16.87896000 1.05 -2.16562589
19.65591900 1.15 0.61133311
26.37727900 1.20 -2.16562589
28.91227900 0.80 0.36937411
31.34738900 1.05 2.80448411
100.26132300 0.95 -2.16562589
102.83854000 0.90 0.41159111
172.00280900 1.15 -2.16562589
174.38809200 0.95 0.21965711
180.35899700 0.95 -2.16562589
182.89372200 0.80 0.36909911
189.00659100 0.90 -2.16562589
191.54175600 0.90 0.36953911
193.96844400 0.90 2.79622711
200.28115000 1.05 -2.16562589
