2.32664700 0.80 -2.13187032
4.96231400 1.15 0.50379668
7.48898900 1.10 3.03047168
9.86565100 1.00 5.40713368
78.73799200 0.85 -2.13187032
80.97328300 0.85 0.10342068
83.70857600 1.00 2.83871368
90.17980400 1.20 -2.13187032
92.76486900 1.05 0.45319468
99.57791700 1.00 -2.13187032
102.00455100 0.90 0.29476368
108.57580500 0.95 -2.13187032
111.31111200 1.05 0.60343668
117.67380400 1.05 -2.13187032
120.50078400 1.10 0.69510968
126.91346300 0.80 -2.13187032
129.19009500 0.90 0.14476168
132.02549300 1.20 2.98015968
138.58832500 1.15 -2.13187032
