2.47683700 0.80 -2.29541955
5.25418300 1.05 0.48192645
8.03108300 1.05 3.25882645
77.36202800 1.10 -2.29541955
79.74729700 0.85 0.08984945
86.21861800 1.20 -2.29541955
88.59514200 0.95 0.08110445
91.42225300 1.20 2.90821545
97.79312700 0.80 -2.29541955
100.06979800 0.95 -0.01874855
102.95521900 1.20 2.86667245
109.51802400 1.10 -2.29541955
112.40341900 1.20 0.58997545
180.96700600 0.80 -2.29541955
183.69444100 1.05 0.43201545
190.77442400 1.20 -2.29541955
193.15092200 0.80 0.08107845
195.67776000 1.05 2.60791645
198.05436800 1.00 4.98452445
204.72565500 0.95 -2.29541955
