268.34460100 1.15 -2.31694900
270.97183300 1.15 0.31028300
273.25666400 0.90 2.59511400
275.68336700 0.90 5.02181700
282.24627100 0.90 -2.31694900
284.67298200 0.90 0.10976200
291.20258900 1.10 -2.31694900
293.72916000 0.80 0.20962200
296.31436300 1.00 2.79482500
298.94126700 1.20 5.42172900
367.71339200 0.80 -2.31694900
370.29894400 0.85 0.26860300
372.93425500 1.15 2.90391400
442.16508700 0.95 -2.31694900
444.89247800 1.20 0.41044200
451.35523100 1.00 -2.31694900
453.68177800 0.80 0.00959800
459.99448900 0.80 -2.31694900
462.67983300 1.15 0.36839500
469.04241100 0.85 -2.31694900
471.62768200 1.20 0.26832200
540.78353000 1.05 -2.31694900
543.26059400 0.85 0.16011500
