400.70331900 1.10 -1.74962490
403.23877300 0.90 0.78582910
405.52368600 0.80 3.07074210
408.10888700 1.05 5.65594310
414.83019400 1.05 -1.74962490
417.56548900 1.10 0.98567010
423.98654600 1.05 -1.74962490
426.36311000 1.00 0.62693910
432.57574900 0.80 -1.74962490
435.00249400 1.05 0.67712010
504.21682400 1.20 -1.74962490
506.74389200 0.85 0.77744310
513.21503500 0.85 -1.74962490
516.15055400 1.20 1.18589410
522.67159500 0.85 -1.74962490
524.94819800 0.95 0.52697810
531.51948700 1.20 -1.74962490
533.99599000 0.95 0.72687810
540.35881000 1.10 -1.74962490
542.83562200 1.05 0.72718710
