208.16949400 0.80 -2.04383859
210.94651300 1.05 0.73318041
279.93584900 0.95 -2.04383859
282.46265800 1.10 0.48297041
288.42507200 0.90 -2.04383859
290.81008100 0.85 0.34117041
293.44525300 0.95 2.97634241
300.35840400 1.20 -2.04383859
302.93514300 1.10 0.53290041
305.16161800 0.85 2.75937541
307.59664500 0.85 5.19440241
376.47768000 0.95 -2.04383859
378.95437900 1.00 0.43286041
381.58124400 1.20 3.05972541
388.14406800 1.05 -2.04383859
390.62076800 1.00 0.43286141
459.46009700 1.15 -2.04383859
462.18700500 1.20 0.68306941
531.31804300 0.90 -2.04383859
533.59459600 0.90 0.23271441
540.00746400 1.15 -2.04383859
542.58427700 1.20 0.53297441
