2.41877800 0.80 -2.02201021
4.79541600 0.80 0.35462779
74.13505800 1.00 -2.02201021
76.71186400 1.05 0.55479579
82.82439300 0.95 -2.02201021
85.25104700 0.85 0.40464379
87.97798400 1.05 3.13158079
156.95903400 1.05 -2.02201021
159.33564700 1.05 0.35460279
161.86231200 0.85 2.88126779
168.23342500 0.90 -2.02201021
170.86866200 1.10 0.61322679
173.69559600 1.15 3.44016079
242.52642600 1.05 -2.02201021
245.25333400 1.00 0.70489779
251.86630400 1.20 -2.02201021
254.49303900 0.90 0.60472479
257.01986700 0.95 3.13155279
326.15928600 1.10 -2.02201021
