276.29044900 0.90 -1.85368345
278.91565100 1.20 0.77151855
285.17341400 0.85 -1.85368345
287.64862900 1.15 0.62153155
294.05636500 0.85 -1.85368345
296.78157600 1.15 0.87152755
365.86221100 1.10 -1.85368345
368.38712700 1.15 0.67123255
375.04518500 1.10 -1.85368345
377.41982300 0.90 0.52095455
379.59466700 0.85 2.69579855
382.31987200 1.10 5.42100355
388.57781100 0.95 -1.85368345
391.15294000 1.15 0.72144555
459.89178100 1.00 -1.85368345
462.56665900 1.00 0.82119455
531.65580300 1.10 -1.85368345
534.13052900 0.95 0.62104255
536.45538800 0.90 2.94590155
542.86341500 0.80 -1.85368345
