2.71765400 1.05 -2.14730311
5.14245200 0.80 0.27749489
7.31732400 0.80 2.45236689
76.05636400 1.00 -2.14730311
78.28135500 0.90 0.07768789
81.00658300 1.15 2.80291589
87.56427200 1.00 -2.14730311
90.23930800 1.00 0.52773289
158.91162300 0.95 -2.14730311
161.48676000 1.15 0.42783389
230.50893200 1.05 -2.14730311
233.03367500 0.90 0.37743989
301.67279800 0.95 -2.14730311
304.49775900 1.10 0.67765789
307.07252600 0.95 3.25242489
309.79755900 1.10 5.97745789
378.67829400 1.20 -2.14730311
381.15300900 1.00 0.32741189
387.51103900 1.00 -2.14730311
