204.90954800 0.90 -2.48691143
207.63462900 1.10 0.23816957
276.56510000 0.95 -2.48691143
279.09015600 1.15 0.03814457
281.61518000 1.20 2.56316857
284.29011200 1.20 5.23810057
352.82875600 0.90 -2.48691143
355.30363600 0.85 -0.01203143
361.86196800 1.10 -2.48691143
364.53679400 1.05 0.18791457
367.16178600 1.10 2.81290657
369.73640500 0.85 5.38752557
376.09484800 1.20 -2.48691143
378.66969200 1.15 0.08793257
385.12764000 1.05 -2.48691143
387.95268700 1.15 0.33813557
456.93311700 0.95 -2.48691143
459.35800100 0.95 -0.06202743
462.03308500 1.15 2.61305657
531.11348600 0.90 -2.48691143
533.78865800 1.15 0.18826057
536.36334400 0.95 2.76294657
542.87160300 1.10 -2.48691143
