337.35868600 1.10 -1.82920245
340.03553500 1.15 0.84764655
342.61227900 1.05 3.42439055
411.69339200 1.20 -1.82920245
414.27017400 1.05 0.74757955
416.94698900 1.00 3.42439455
423.00922700 0.85 -1.82920245
425.43621300 1.00 0.59778355
432.09917000 1.15 -1.82920245
434.42570600 1.00 0.49733355
441.08867100 1.10 -1.82920245
443.81558700 1.10 0.89771355
450.12821200 0.95 -1.82920245
453.00529500 1.20 1.04788055
455.48199900 1.15 3.52458455
461.90309600 1.05 -1.82920245
464.48829700 1.10 0.75599855
470.90930600 0.90 -1.82920245
473.43602500 1.05 0.69751655
542.63395700 1.20 -1.82920245
