329.73014200 1.05 -2.14452187
332.40490300 0.95 0.53023913
335.13004300 1.10 3.25537913
341.73795200 1.00 -2.14452187
344.21273600 0.90 0.33026213
413.04351200 1.00 -2.14452187
415.71849500 1.05 0.53046113
421.97649100 0.95 -2.14452187
424.45127900 0.85 0.33026613
427.12650400 1.20 3.00549113
496.06522300 0.95 -2.14452187
498.74006600 0.95 0.53032113
501.46526400 1.15 3.25551913
507.92291700 0.90 -2.14452187
510.39810500 1.00 0.33066613
513.07312400 1.15 3.00568513
519.53126700 1.20 -2.14452187
522.05614200 1.15 0.38035313
528.31392600 0.90 -2.14452187
530.93890200 0.95 0.48045413
533.76395500 1.10 3.30550713
540.57201200 1.10 -2.14452187
542.74662600 0.85 0.03009213
