2.81801900 1.20 -2.26966137
4.99254700 0.85 -0.09513337
73.77356600 1.20 -2.26966137
76.59846200 1.20 0.55523463
145.28720200 0.90 -2.26966137
147.86213700 0.90 0.30527363
150.13687200 0.80 2.58000863
152.81219300 1.15 5.25532963
159.26997400 0.85 -2.26966137
161.79511400 1.05 0.25547863
168.60320700 1.10 -2.26966137
171.37820600 1.20 0.50533763
177.78587700 0.80 -2.26966137
180.26092700 1.00 0.20538863
186.81906200 1.00 -2.26966137
189.44397700 1.00 0.35525363
192.06894900 1.10 2.98022563
194.34361700 0.85 5.25489363
263.07433000 0.90 -2.26966137
