268.17739000 0.90 -2.39258761
270.91269100 1.00 0.34271339
273.48941600 1.05 2.91943839
342.22850700 0.80 -2.39258761
344.55510600 0.85 -0.06598861
346.88170000 0.80 2.26060539
349.40846500 0.90 4.78737039
356.22985600 1.10 -2.39258761
358.80666000 1.00 0.18421639
427.69593200 1.00 -2.39258761
429.87239800 0.85 -0.21612161
436.29356400 1.15 -2.39258761
438.92043400 1.20 0.23428239
445.28306300 0.95 -2.39258761
447.56800900 0.90 -0.10764161
450.25285900 1.20 2.57720839
519.52604000 1.10 -2.39258761
521.95263100 0.85 0.03400339
528.36540500 1.00 -2.39258761
531.09232400 1.05 0.33433139
533.41890200 0.90 2.66090939
536.34595400 1.20 5.58796139
542.80865200 0.80 -2.39258761
