271.57418800 1.15 -2.10593010
274.14903900 1.10 0.46892090
343.22122400 0.95 -2.10593010
346.04634200 1.15 0.71918790
348.52112600 1.05 3.19397190
417.41829100 1.00 -2.10593010
419.84331300 1.05 0.31909190
422.61840900 1.15 3.09418790
425.04291500 0.80 5.51869390
431.45119400 0.95 -2.10593010
434.02627100 1.15 0.46914690
436.95123900 1.20 3.39411490
505.95690200 1.20 -2.10593010
508.38152400 0.95 0.31869190
514.83960900 0.95 -2.10593010
517.26470100 1.10 0.31916190
523.87262400 0.95 -2.10593010
526.79777100 1.20 0.81921690
533.30564700 1.00 -2.10593010
535.73056100 1.00 0.31898390
542.48881300 1.20 -2.10593010
