325.22520600 1.00 -2.51241124
327.70184200 1.00 -0.03577524
330.07856400 0.90 2.34094676
332.75541700 1.00 5.01779976
339.57689500 1.20 -2.51241124
342.00344100 0.80 -0.08586524
344.58034400 1.15 2.49103776
347.15702000 1.10 5.06771376
415.97953700 0.95 -2.51241124
418.35626900 0.95 -0.13567924
424.61884600 0.90 -2.51241124
427.20404200 1.00 0.07278476
430.13108500 1.20 2.99982776
436.55210100 0.95 -2.51241124
439.17897300 1.10 0.11446076
441.81418700 1.05 2.74967476
448.47702500 1.05 -2.51241124
451.00377300 0.95 0.01433676
519.99315400 1.05 -2.51241124
522.67837900 1.10 0.17281376
529.14109200 0.90 -2.51241124
531.36758300 0.80 -0.28592024
533.94447200 1.15 2.29096876
540.35711500 0.85 -2.51241124
542.69210200 0.85 -0.17742424
