2.51893400 1.10 -2.18660026
5.14569900 1.05 0.44016474
7.62229100 0.90 2.91675674
76.55344700 1.00 -2.18660026
79.03006000 0.90 0.29001274
85.54291400 1.10 -2.18660026
88.31987600 1.05 0.59036174
90.94666100 1.05 3.21714674
93.63194400 1.10 5.90242974
162.13741000 0.85 -2.18660026
164.51411200 0.95 0.19010174
171.07688600 0.85 -2.18660026
173.60370400 0.90 0.34021774
176.13049500 1.05 2.86700874
182.94358500 1.20 -2.18660026
185.37862200 1.05 0.24843674
192.09156200 1.20 -2.18660026
194.76832700 1.05 0.49016474
263.64931700 1.15 -2.18660026
