2.71732000 1.00 -2.19625850
5.24238700 1.00 0.32880850
7.46721600 0.90 2.55363750
14.18395100 1.20 -2.19625850
16.65877700 1.15 0.27856750
23.17496800 0.95 -2.19625850
26.00010400 1.15 0.62887750
32.63313300 1.10 -2.19625850
35.10769400 0.80 0.27830250
103.71334700 0.80 -2.19625850
106.23870100 1.20 0.32909550
109.01354500 1.20 3.10393950
111.53814300 0.90 5.62853750
180.31885500 0.90 -2.19625850
182.94374400 0.95 0.42863050
189.51843700 0.85 -2.19625850
192.09362400 1.15 0.37892850
194.66858700 1.20 2.95389150
200.98470500 0.90 -2.19625850
203.85981500 1.15 0.67885150
