277.60698000 0.90 -1.67890032
280.53214800 1.20 1.24626768
286.83992900 0.90 -1.67890032
289.41502600 1.10 0.89619668
295.67296800 0.95 -1.67890032
298.54812100 1.20 1.19625268
300.77262600 0.80 3.42075768
307.19752800 0.95 -1.67890032
309.87268000 1.15 0.99625168
312.54736200 1.00 3.67093368
381.32817700 1.15 -1.67890032
383.95299100 1.05 0.94591368
390.56120900 1.20 -1.67890032
393.33594100 1.05 1.09583168
462.40845300 1.20 -1.67890032
464.93317100 1.05 0.84581768
533.52206000 0.90 -1.67890032
535.99684000 0.80 0.79587968
542.85515800 1.05 -1.67890032
