210.00988800 1.15 -1.99275529
212.78474800 1.15 0.78210471
281.70692400 1.00 -1.99275529
284.53191100 1.10 0.83223171
287.20690500 1.20 3.50722571
289.53151900 0.90 5.83183971
296.04822700 1.20 -1.99275529
298.82308300 1.15 0.78210071
305.16440200 1.05 -1.99275529
307.33904500 0.80 0.18188771
313.45575500 1.05 -1.99275529
315.88040100 0.85 0.43189071
385.11982100 1.20 -1.99275529
387.74442800 0.95 0.63185171
390.31945900 1.05 3.20688271
459.14982600 0.80 -1.99275529
461.87492800 1.20 0.73234671
468.08291900 0.95 -1.99275529
470.85804000 1.15 0.78236571
539.88015200 1.00 -1.99275529
542.10497700 0.80 0.23206971
