269.31180700 0.85 -2.43630186
271.89736100 0.90 0.14925214
340.76970600 0.90 -2.43630186
343.45539800 1.10 0.24939014
349.91823600 1.15 -2.43630186
352.50315300 0.85 0.14861514
358.61579500 0.85 -2.43630186
361.34282000 1.15 0.29072314
364.07798800 1.05 3.02589114
366.80494300 1.05 5.75284614
436.26940700 1.20 -2.43630186
439.09675300 1.20 0.39104414
442.03213400 1.20 3.32642514
448.75329600 0.90 -2.43630186
451.38852000 0.95 0.19892214
457.75962500 0.95 -2.43630186
460.38648100 1.10 0.19055414
529.45057100 1.00 -2.43630186
532.12783400 0.95 0.24096114
534.50444500 0.80 2.61757214
537.23139300 1.00 5.34452014
543.75261900 1.15 -2.43630186
