2.36779100 1.05 -2.17100132
5.24283300 1.20 0.70404068
74.03986200 0.90 -2.17100132
76.51469500 0.80 0.30383168
78.68965800 0.85 2.47879468
84.74792800 1.05 -2.17100132
87.32300700 1.20 0.40407768
89.69768600 1.00 2.77875668
158.47832000 0.90 -2.17100132
161.20336000 1.05 0.55403868
163.97825600 1.15 3.32893468
166.55324100 1.15 5.90391968
235.67540900 1.00 -2.17100132
237.90024700 0.90 0.05383668
244.21679900 1.05 -2.17100132
246.89166400 1.00 0.50386368
316.08910100 1.10 -2.17100132
318.61401800 1.10 0.35391568
325.02177500 0.80 -2.17100132
