2.77829100 1.05 -2.28849495
5.38232400 0.90 0.31553805
7.61024400 0.90 2.54345805
76.64723700 1.05 -2.28849495
79.23408700 1.05 0.29835505
81.66254900 0.95 2.72681705
88.05474100 0.80 -2.28849495
90.68317700 1.20 0.33994105
97.00874200 0.90 -2.28849495
99.33694700 0.90 0.03971005
101.91540800 1.05 2.61817105
104.49398600 1.05 5.19674905
173.71452300 1.20 -2.28849495
176.34323000 0.95 0.34021205
182.91891800 1.15 -2.28849495
185.54759600 0.95 0.34018305
188.22617200 1.10 3.01875905
194.66012300 0.95 -2.28849495
197.18863100 1.10 0.24001305
266.20882500 1.15 -2.28849495
268.78737300 1.20 0.29005305
