269.92448900 1.20 -2.39539432
272.54909000 0.95 0.22920668
279.25717300 0.90 -2.39539432
281.93224200 1.10 0.27967468
284.70717400 1.15 3.05460668
287.28185600 0.90 5.62928868
356.42943000 1.05 -2.39539432
358.95436800 1.10 0.12954368
365.61231200 0.95 -2.39539432
367.88719600 0.90 -0.12051032
370.56219900 1.05 2.55449268
377.12042700 1.15 -2.39539432
379.69508200 0.90 0.17926068
385.70315000 0.85 -2.39539432
388.12802000 0.85 0.02947568
457.50907700 1.15 -2.39539432
460.23397700 1.15 0.32950568
466.04177700 0.85 -2.39539432
468.81696500 1.15 0.37979368
471.49184800 1.15 3.05467668
474.26670500 1.10 5.82953368
543.14724900 0.85 -2.39539432
