210.73791900 1.10 -1.77351471
213.31499500 0.90 0.80356129
282.47097800 1.00 -1.77351471
285.20583300 1.05 0.96134029
287.68331800 0.85 3.43882529
356.84763300 1.15 -1.77351471
359.22448700 0.85 0.60333929
365.59572600 1.00 -1.77351471
367.77216000 0.80 0.40291929
436.94480800 1.10 -1.77351471
439.38030600 1.10 0.66198329
445.70123300 1.15 -1.77351471
448.32814100 1.15 0.85339329
455.04112000 1.20 -1.77351471
457.26762800 0.90 0.45299329
459.64425800 0.90 2.82962329
466.36564500 1.10 -1.77351471
468.74224000 0.90 0.60308029
471.62769900 1.20 3.48853929
540.34148200 0.90 -1.77351471
542.97703100 0.90 0.86203429
