327.71899300 1.15 -2.62411592
329.89581300 0.85 -0.44729592
332.62278200 1.05 2.27967308
335.35803200 1.10 5.01492308
404.52218900 1.05 -2.62411592
406.90768900 1.05 -0.23861592
475.77169000 1.15 -2.62411592
478.49897100 1.10 0.10316508
485.06192800 1.20 -2.62411592
487.38838700 0.80 -0.29765692
490.22383600 1.15 2.53779208
496.64488500 1.00 -2.62411592
499.22179400 1.20 -0.04720692
501.95695300 1.05 2.68795208
504.54198100 0.85 5.27298008
510.62120300 0.85 -2.62411592
513.34811600 1.10 0.10279708
520.02779500 1.00 -2.62411592
522.51285300 0.90 -0.13905792
528.98405700 1.20 -2.62411592
531.26049200 0.90 -0.34768092
533.93744700 1.10 2.32927408
536.41417400 1.10 4.80600108
543.12720200 1.10 -2.62411592
