2.86901800 1.15 -1.98288622
5.49594500 0.95 0.64404078
8.02270900 0.95 3.17080478
10.69956900 0.95 5.84766478
17.44588300 0.85 -1.98288622
20.34001500 1.10 0.91124578
89.64597600 1.20 -1.98288622
92.07251200 0.95 0.44364978
99.06079900 1.15 -1.98288622
101.63744200 0.85 0.59375678
107.65825600 0.80 -1.98288622
109.88484700 0.85 0.24370478
179.49965900 1.00 -1.98288622
181.87625600 0.80 0.39371078
184.45313800 1.15 2.97059278
253.33406000 1.05 -1.98288622
255.96086500 0.95 0.64391878
262.94077800 1.20 -1.98288622
