146.51237200 1.00 -1.85115243
149.43749700 1.20 1.07397257
156.19550000 1.15 -1.85115243
158.77035600 1.10 0.72370357
161.39521800 1.05 3.34856557
230.31749800 1.00 -1.85115243
232.94234000 0.90 0.77368957
235.61741500 1.05 3.44876457
242.12561000 1.15 -1.85115243
244.30006100 0.85 0.32329857
246.97518200 0.95 2.99841957
315.96412800 0.90 -1.85115243
318.68936100 1.20 0.87408057
325.04711900 0.85 -1.85115243
327.97242500 1.20 1.07415357
396.46105900 0.85 -1.85115243
398.93606700 0.90 0.62385557
468.26703400 1.20 -1.85115243
470.94195600 1.00 0.82376957
539.68049900 0.95 -1.85115243
542.10575000 1.05 0.57409857
