268.75778200 1.00 -2.13403968
271.38283200 1.15 0.49101032
277.94060700 0.90 -2.13403968
280.66574500 1.10 0.59109832
349.63812000 1.05 -2.13403968
352.46318900 1.20 0.69102932
354.88771600 0.85 3.11555632
361.54591900 1.00 -2.13403968
364.22095600 1.10 0.54099732
366.94586200 1.10 3.26590332
373.55401800 1.20 -2.13403968
376.17871700 1.00 0.49065932
445.05094400 0.85 -2.13403968
447.27580800 0.80 0.09082432
516.36507200 0.95 -2.13403968
518.73998800 0.95 0.24087632
525.49805100 0.95 -2.13403968
528.07313200 1.15 0.44104132
530.79806500 1.15 3.16597432
533.37267000 0.90 5.74057932
539.73924700 1.00 -2.13403968
542.21409400 1.00 0.34080732
