206.75982900 1.00 -2.15786936
209.28483000 1.10 0.36713164
277.95685300 0.80 -2.15786936
280.68203400 1.10 0.56731164
283.40705500 1.20 3.29233264
290.32339700 1.20 -2.15786936
292.84830000 1.15 0.36703364
361.99566700 1.20 -2.15786936
364.57058300 1.20 0.41704664
367.14517600 0.90 2.99163964
436.03429500 1.00 -2.15786936
438.40909700 0.90 0.21693264
441.28420400 1.15 3.09203964
448.00069400 1.20 -2.15786936
450.22529600 0.90 0.06673264
452.55027600 1.00 2.39171264
454.97527900 1.05 4.81671564
523.91397000 0.80 -2.15786936
526.53925100 1.05 0.46741164
533.24724900 1.10 -2.15786936
535.77190200 0.85 0.36678364
542.38023500 1.10 -2.15786936
