275.21300000 0.90 -1.63849425
277.59124300 0.90 0.73974875
280.21987900 0.90 3.36838475
286.78721200 1.05 -1.63849425
288.91524100 0.80 0.48953475
291.69387800 1.10 3.26817175
360.71420400 1.10 -1.63849425
363.64317500 1.20 1.29047675
369.96872500 1.00 -1.63849425
372.49723400 0.85 0.89001475
379.21474900 1.05 -1.63849425
381.89340400 1.20 1.04016075
388.16047600 0.95 -1.63849425
390.78902500 1.15 0.99005475
397.40653300 1.15 -1.63849425
399.93500600 1.15 0.88997875
468.35449000 0.80 -1.63849425
470.73272900 1.05 0.73974475
539.68620400 1.05 -1.63849425
542.36487600 1.20 1.04017775
