82.46449600 0.85 -2.01618391
85.23959400 1.05 0.75891409
154.23688400 1.00 -2.01618391
156.71171100 0.95 0.45864309
163.07000600 1.15 -2.01618391
165.79473000 1.10 0.70854009
168.26968900 1.05 3.18349909
237.35882100 1.20 -2.01618391
239.95017700 1.00 0.57517209
242.22494600 0.85 2.84994109
311.04747500 1.00 -2.01618391
313.57219000 0.90 0.50853109
320.08046500 1.00 -2.01618391
322.45516900 0.90 0.35852009
391.49428200 0.95 -2.01618391
394.06939300 1.15 0.55892709
396.99434400 1.20 3.48387809
466.06657600 1.10 -2.01618391
468.84150300 1.15 0.75874309
471.16619900 0.95 3.08343909
540.15521500 1.00 -2.01618391
543.03030600 1.20 0.85890709
