266.02429300 1.10 -2.24554648
268.89930800 1.20 0.62946852
271.52401300 1.00 3.25417352
340.52141200 1.10 -2.24554648
343.19637200 1.15 0.42941352
349.90429200 1.00 -2.24554648
352.47939300 1.20 0.32955452
354.85390000 0.85 2.70406152
423.88490100 1.15 -2.24554648
426.30961700 0.95 0.17916952
429.03453200 1.05 2.90408452
431.45933700 0.90 5.32888952
438.16740400 0.85 -2.24554648
440.64221600 0.80 0.22926552
447.06716700 1.00 -2.24554648
449.64207600 1.00 0.32936252
518.50598400 0.95 -2.24554648
520.93110000 1.10 0.17956952
523.45574300 0.85 2.70421252
529.96380000 0.85 -2.24554648
532.78894600 1.10 0.57959952
539.41377700 1.15 -2.24554648
542.08841700 0.95 0.42909352
