326.92236900 1.20 -2.40926121
329.54698100 0.90 0.21535079
332.02209900 1.10 2.69046879
334.64703700 1.15 5.31540679
341.10482200 0.85 -2.40926121
343.47985500 0.95 -0.03422821
346.15473700 1.00 2.64065379
348.57953400 0.85 5.06545079
354.63786600 1.05 -2.40926121
357.31277800 1.10 0.26565079
363.92085700 1.10 -2.40926121
366.49587000 1.20 0.16575179
373.11217700 1.05 -2.40926121
375.58702300 1.00 0.06558479
377.81177200 0.85 2.29033379
384.21998700 0.95 -2.40926121
386.74492600 1.00 0.11567779
455.78385500 0.90 -2.40926121
458.55893000 1.05 0.36581379
528.04809100 1.20 -2.40926121
530.37266300 0.80 -0.08468921
533.09792100 1.20 2.64056879
539.75573700 0.90 -2.40926121
542.13055400 0.85 -0.03444421
