206.23487000 0.95 -2.11359177
209.05989200 1.10 0.71143023
216.11826200 1.20 -2.11359177
218.74265300 0.90 0.51079923
225.25080700 1.05 -2.11359177
227.62556100 0.85 0.26116223
230.25082700 1.15 2.88642823
299.09791500 1.00 -2.11359177
301.67303600 1.20 0.46152923
304.49800500 1.20 3.28649823
311.36417400 1.00 -2.11359177
314.03930000 1.20 0.56153423
320.09702600 0.85 -2.11359177
322.67193600 0.85 0.46131823
391.85288300 1.15 -2.11359177
394.47770800 1.05 0.51123323
463.25830500 0.85 -2.11359177
465.68327800 1.05 0.31138123
468.50822800 1.10 3.13633123
470.78282100 0.80 5.41092423
539.57180900 0.80 -2.11359177
542.19715700 1.20 0.51175623
