2.62616100 1.05 -2.30584986
5.30102200 1.10 0.36901114
7.67575700 0.95 2.74374614
76.77318700 0.85 -2.30584986
79.59834400 1.10 0.51930714
85.96480100 1.15 -2.30584986
88.58948200 0.95 0.31883114
91.31455100 1.15 3.04390014
160.15342600 0.90 -2.30584986
162.52828600 0.85 0.06901014
168.83670400 1.15 -2.30584986
171.41165600 1.20 0.26910214
178.12811100 1.20 -2.30584986
180.70299900 1.20 0.26903814
183.07760800 0.90 2.64364714
185.65259800 1.05 5.21863714
191.81048200 0.80 -2.30584986
194.18539600 0.80 0.06906414
196.61063700 1.10 2.49430514
265.44133900 1.05 -2.30584986
268.16638800 1.20 0.41919914
