2.61792000 1.15 -2.35746105
5.29270000 1.05 0.31731895
74.09000000 1.00 -2.35746105
76.81495100 1.05 0.36748995
145.58731500 1.10 -2.35746105
148.21214700 1.00 0.26737095
217.39270700 0.95 -2.35746105
219.91781800 1.10 0.16764995
222.19237300 0.80 2.44220495
224.71765100 1.15 4.96748295
231.27535300 0.80 -2.35746105
233.90031200 0.90 0.26749795
240.50873700 1.20 -2.35746105
243.33353100 1.10 0.46733295
249.69134800 0.85 -2.35746105
252.56661100 1.20 0.51780195
255.19130300 1.00 3.14249395
258.01632300 1.10 5.96751395
326.74682500 0.95 -2.35746105
329.07181600 1.00 -0.03247005
