2.41761700 0.80 -1.71937972
4.59249700 0.80 0.45550028
11.00073400 1.00 -1.71937972
13.37559100 0.90 0.65547728
82.63168100 1.00 -1.71937972
85.40631300 1.05 1.05525228
154.22871700 1.15 -1.71937972
157.00360000 1.15 1.05550328
163.11129400 0.80 -1.71937972
165.88644700 1.10 1.05577328
172.34455500 1.10 -1.71937972
174.96919600 0.95 0.90526128
177.64436200 1.05 3.58042728
246.51654800 0.95 -1.71937972
248.89137100 0.85 0.65544328
251.41638800 0.95 3.18046028
257.42430900 0.80 -1.71937972
260.29962800 1.20 1.15593928
