2.16769000 0.85 -2.21868100
4.69288800 1.20 0.30651700
73.63169400 0.90 -2.21868100
76.35681700 1.15 0.50644200
82.86500200 1.20 -2.21868100
85.43965600 0.95 0.35597300
88.06468000 1.05 2.98099700
90.98970900 1.20 5.90602600
97.94780500 1.20 -2.21868100
100.72254100 1.10 0.55605500
102.94722300 0.85 2.78073700
109.10531700 0.85 -2.21868100
111.58036000 1.15 0.25636200
180.56109000 0.90 -2.21868100
183.13628400 1.20 0.35651300
185.86099900 1.00 3.08122800
254.85016600 1.10 -2.21868100
257.62511700 1.10 0.55627000
264.08288300 0.80 -2.21868100
266.40789200 0.85 0.10632800
