2.87622300 1.20 -2.14468968
5.20074600 0.85 0.17983332
74.05655800 0.85 -2.14468968
76.58157300 0.95 0.38032532
79.10670800 1.20 2.90546032
81.78166500 1.20 5.58041732
150.87042700 0.90 -2.14468968
153.39544300 1.00 0.38032632
159.90365300 1.15 -2.14468968
162.12826300 0.80 0.07992032
164.70343300 1.10 2.65509032
171.11144100 1.00 -2.14468968
173.68638600 1.05 0.43025532
180.64445600 1.05 -2.14468968
183.46944500 1.15 0.68029932
186.29431800 1.15 3.50517232
192.50230100 1.05 -2.14468968
195.02740800 1.20 0.38041732
201.38528400 0.95 -2.14468968
