2.61749100 0.90 -2.07537347
5.39268800 1.10 0.69982353
8.21758900 1.10 3.52472453
10.95079900 1.05 6.25793453
17.35920500 1.00 -2.07537347
20.18387900 1.15 0.74930053
26.89196300 1.15 -2.07537347
29.41688000 1.15 0.44954353
31.54142300 0.80 2.57408653
38.00008900 1.15 -2.07537347
40.82481500 1.20 0.74935253
47.53288100 1.20 -2.07537347
50.30757000 1.05 0.69931553
56.91550500 0.85 -2.07537347
59.59068300 1.15 0.59980453
128.39611000 0.80 -2.07537347
130.57107700 0.85 0.09959353
199.11026000 1.00 -2.07537347
201.38514200 0.95 0.19950853
