204.83494100 0.85 -2.19777000
207.41010800 1.05 0.37739700
276.49082100 1.00 -2.19777000
279.06569400 0.95 0.37710300
347.90475700 0.95 -2.19777000
350.58010500 1.00 0.47757800
353.10481300 1.20 3.00228600
355.67939900 0.90 5.57687200
362.63755400 1.05 -2.19777000
365.31260300 1.10 0.47727900
368.13745800 1.10 3.30213400
374.59553800 1.05 -2.19777000
377.02036600 0.90 0.22705800
379.14511300 0.80 2.35180500
447.92596600 0.95 -2.19777000
450.40082700 0.85 0.27709100
452.67576700 0.90 2.55203100
521.60664400 1.05 -2.19777000
524.13144800 0.95 0.32703400
530.78968300 1.10 -2.19777000
533.21439200 0.90 0.22693900
539.87245400 0.85 -2.19777000
542.29754700 1.05 0.22732300
