327.40540500 1.05 -2.54569962
329.98033400 1.10 0.02922938
399.06947500 1.15 -2.54569962
401.34411100 0.95 -0.27106362
404.06912900 1.00 2.45395437
410.22717200 0.95 -2.54569962
413.10232900 1.20 0.32945738
419.26022500 1.00 -2.54569962
421.63518800 1.05 -0.17073663
424.00989000 0.90 2.20396538
426.73496900 1.00 4.92904438
495.67404500 1.15 -2.54569962
498.44892500 1.10 0.22918037
505.00705500 1.10 -2.54569962
507.58201700 1.15 0.02926238
509.90662300 0.90 2.35386838
516.41499400 1.15 -2.54569962
518.93976700 1.00 -0.02092663
521.61479100 1.15 2.65409737
528.12291800 1.15 -2.54569962
530.64756500 0.90 -0.02105263
533.37268100 1.15 2.70406337
536.14757100 1.15 5.47895337
542.35570300 1.15 -2.54569962
