2.61782000 1.05 -2.24238825
5.09269500 1.05 0.23248675
11.55100400 1.20 -2.24238825
14.02572600 1.00 0.23233375
83.16458700 0.85 -2.24238825
85.83974000 1.10 0.43276475
88.06440500 0.85 2.65742975
94.37286800 1.20 -2.24238825
97.19760400 1.10 0.58234775
103.90576900 1.15 -2.24238825
106.58052700 1.00 0.43236975
109.15544800 1.00 3.00729075
178.00281200 1.00 -2.24238825
180.47771600 1.00 0.23251575
182.85268600 1.05 2.60748575
185.52747900 0.95 5.28227875
254.60825300 1.00 -2.24238825
256.78298400 0.85 -0.06765725
259.15810100 1.05 2.30745975
265.26623000 1.05 -2.24238825
