2.81747100 1.15 -2.04331011
5.34227600 0.90 0.48149489
8.01748500 1.20 3.15670389
77.14813800 1.15 -2.04331011
79.92309000 1.20 0.73164189
82.49795700 1.15 3.30650889
151.82030100 1.20 -2.04331011
154.54527000 1.20 0.68165889
156.91983900 0.90 3.05622789
163.62822600 1.15 -2.04331011
166.10283900 0.85 0.43130289
235.07539800 1.05 -2.04331011
237.70039600 1.15 0.58168789
240.27509400 1.00 3.15638589
246.49166000 1.10 -2.04331011
249.16666300 1.20 0.63169289
255.72479200 1.20 -2.04331011
257.89927700 0.80 0.13117489
326.47983300 0.90 -2.04331011
