146.93751600 1.10 -1.93812000
149.41248300 1.15 0.53684700
218.55070500 0.95 -1.93812000
220.92624500 0.95 0.43742000
223.50130900 1.10 3.01248400
225.92609100 1.00 5.43726600
232.23413700 0.95 -1.93812000
234.90907600 0.95 0.73681900
303.99820600 1.05 -1.93812000
306.17288500 0.80 0.23655900
375.16222800 1.05 -1.93812000
377.33687800 0.80 0.23653000
446.35968600 1.15 -1.93812000
449.08438700 1.05 0.78658100
518.28197800 1.15 -1.93812000
520.95673900 1.05 0.73664100
527.41481600 1.05 -1.93812000
530.23983800 1.15 0.88690200
532.81473300 1.15 3.46179700
539.22245300 0.80 -1.93812000
542.09780700 1.20 0.93723400
