2.36774600 0.90 -1.93877617
4.94285500 1.20 0.63633283
11.20079900 1.05 -1.93877617
13.42547400 0.85 0.28589883
19.78391100 1.15 -1.93877617
22.05852000 0.80 0.33583283
24.58364800 1.05 2.86096083
27.10867700 1.15 5.38598983
33.37481400 0.90 -1.93877617
35.79969700 0.85 0.48610683
104.84747100 1.20 -1.93877617
107.42213300 0.95 0.63588583
109.99706200 1.00 3.21081483
179.21955800 1.15 -1.93877617
181.84422800 0.90 0.68589383
188.20228600 0.85 -1.93877617
191.12755500 1.20 0.98649283
197.78530200 0.90 -1.93877617
