2.77589300 1.10 -1.94341968
5.55118700 1.20 0.83187432
8.29265000 1.10 3.57333732
14.85899900 1.05 -1.94341968
17.53402700 1.15 0.73160832
86.47299500 1.05 -1.94341968
89.05654100 1.00 0.64012632
95.77268500 1.10 -1.94341968
98.24745300 0.95 0.53134832
104.36399100 1.05 -1.94341968
107.28907400 1.20 0.98166332
109.96391400 1.10 3.65650332
178.79444900 0.95 -1.94341968
180.96927100 0.85 0.23140232
183.69458500 1.20 2.95671632
252.47493700 0.85 -1.94341968
255.09989100 0.90 0.68153432
261.76659500 1.15 -1.94341968
264.44125800 0.95 0.73124332
