333.08839100 1.20 -1.92146068
335.26297100 0.85 0.25311932
337.58792800 0.85 2.57807632
344.39620200 1.20 -1.92146068
346.97101600 1.00 0.65335332
353.28754900 1.15 -1.92146068
355.81228300 0.95 0.60327332
362.07035200 0.95 -1.92146068
364.44516600 0.90 0.45335332
366.97013300 0.90 2.97832032
435.75932800 1.15 -1.92146068
438.58416400 1.10 0.90337532
441.00895300 0.95 3.32816432
509.94777500 0.80 -1.92146068
512.22266100 0.80 0.35342532
514.94775900 1.00 3.07852332
521.36432600 1.15 -1.92146068
524.08923600 1.15 0.80344932
530.49722200 1.05 -1.92146068
533.37228200 1.20 0.95359932
539.58036700 1.20 -1.92146068
541.85494100 0.90 0.35311332
