203.94323300 1.15 -2.50428143
206.56837000 1.15 0.12085557
275.40719500 1.05 -2.50428143
277.93227000 1.20 0.02079357
280.55691700 1.00 2.64544057
282.98167200 0.90 5.07019557
352.15410900 0.95 -2.50428143
354.67923800 1.20 0.02084757
423.91816500 1.15 -2.50428143
426.84312000 1.20 0.42067357
429.31771700 1.00 2.89527057
498.25661900 0.85 -2.50428143
501.03171700 1.05 0.27081657
503.40655300 0.95 2.64565257
510.01460900 0.95 -2.50428143
512.83966800 1.15 0.32077757
515.36467000 1.20 2.84577957
517.78911900 0.80 5.27022857
524.19758200 1.15 -2.50428143
526.67239600 1.05 -0.02946743
533.18045200 1.05 -2.50428143
535.70540200 1.10 0.02066857
542.21355900 1.20 -2.50428143
