2.21756200 0.85 -2.52867925
4.89257000 1.00 0.14632875
74.03999500 1.00 -2.52867925
76.61503500 1.20 0.04636075
79.38990000 1.15 2.82122575
82.11467500 1.05 5.54600075
151.20363200 1.00 -2.52867925
153.72877600 1.20 -0.00353525
160.23666000 1.00 -2.52867925
162.66141900 0.90 -0.10392025
231.69240100 1.20 -2.52867925
234.51725200 1.20 0.29617175
236.84193900 0.95 2.62085875
243.00008600 1.00 -2.52867925
245.57489400 0.95 0.04612875
252.23310200 1.00 -2.52867925
255.05814900 1.15 0.29636775
257.78306900 1.20 3.02128775
260.25794000 1.15 5.49615875
267.01561500 0.95 -2.52867925
