331.30526500 0.80 -2.10939595
333.98039500 1.10 0.56573405
336.35513400 0.90 2.94047305
342.56344500 1.05 -2.10939595
345.03818500 0.90 0.36534405
347.71338000 1.20 3.04053905
350.34643800 1.00 5.67359705
357.05464200 1.15 -2.10939595
359.57938600 1.00 0.41534805
362.20418900 0.90 3.04015105
368.91228200 0.90 -2.10939595
371.43737900 1.10 0.41570105
378.19550200 1.15 -2.10939595
380.72039600 1.10 0.41549805
387.42833700 1.05 -2.10939595
390.25343500 1.20 0.71570205
459.20072300 1.05 -2.10939595
461.97575800 1.15 0.66563905
530.66457200 0.90 -2.10939595
532.83941600 0.80 0.06544805
539.44792400 1.20 -2.10939595
542.22270900 1.10 0.66538905
