2.86794300 1.15 -2.39751376
5.19246200 0.80 -0.07299476
11.60095900 1.20 -2.39751376
13.97544600 0.80 -0.02302676
82.87314600 1.05 -2.39751376
85.19797800 0.95 -0.07268176
88.02309600 1.20 2.75243624
94.93105000 1.10 -2.39751376
97.35591800 1.05 0.02735424
99.98075100 1.00 2.65218724
102.85586400 1.20 5.52730024
109.36365300 0.90 -2.39751376
111.93870600 1.15 0.17753924
118.19666300 0.90 -2.39751376
120.72180100 1.20 0.12762424
123.04653300 0.95 2.45235624
125.42138300 0.90 4.82720624
194.33574300 1.20 -2.39751376
197.26060900 1.20 0.52735224
265.94952800 0.95 -2.39751376
268.62449900 1.10 0.27745724
