2.36783800 1.05 -2.30904932
4.79238600 0.80 0.11549868
11.25085600 1.15 -2.30904932
13.77566100 1.00 0.21575568
16.25064000 1.10 2.69073468
18.67531300 0.85 5.11540768
87.75642800 1.20 -2.30904932
90.28130900 1.20 0.21583168
159.45361400 1.15 -2.30904932
162.22859100 1.15 0.46592768
231.13438800 1.20 -2.30904932
233.70898200 0.90 0.26554468
236.43399200 1.05 2.99055468
239.15889700 1.05 5.71545968
308.29806400 1.15 -2.30904932
311.02275400 1.00 0.41564068
317.38075800 0.80 -2.30904932
319.95584600 1.00 0.26603868
388.78636500 0.80 -2.30904932
