0.01148808356  
0.00924867719  
0.007161270126  
0.01229495469  
0.01079509844  
0.01123501861  
0.01028371358  
0.005732541639  
0.005324398699  
0.009593353249  
0.009171558823  
0.007241932668  
0.01435587946  
0.008984015152  
0.007211681458  
0.005361708388  
0.01154636769  
0.004919731275  
0.004120067766  
0.0161544509  
0.006050906627  
0.004710183242  
0.01009268322  
0.00640877934  
0.004210150555  
0.004029806713  
0.006707288301  
0.006111055978  
0.007728912469  
0.007291127864  
0.005453574352  
0.01725910621  
0.005421184852  
0.007001456341  
0.002586425142  
0.0119091311  
0.006755274197  
0.004782014527  
-0.002931185879  
0.005858502108  
0.001217350977  
0.003724863128  
0.004239229736  
0.003539831438  
0.003482083296  
0.01390099046  
0.003978616681  
0.004604167427  
0.01429443673  
0.006400251707  
-0.0008757844696  
0.00561005517  
0.01011464989  
0.007195014911  
0.01291080836  
0.00243019813  
0.004723384602  
0.008891819002  
0.009107608023  
0.009222883413  
0.009486304139  
0.001977494556  
0.006068588792  
0.004306034597  
0.003952258517  
0.01389518272  
0.0009455196724  
0.01682025888  
-0.001315346516  
0.001907869957  
0.004194805985  
0.01364090832  
0.008731484566  
0.02309257445  
0.005950179793  
0.008806968869  
0.007123363838  
0.004176407264  
0.004146488838  
0.01740754751  
0.008374078848  
0.004686637331  
0.005266171668  
0.004007117316  
0.01409918049  
0.01014174339  
0.003455842848  
0.0006236160712  
0.01019492066  
0.003185048337  
0.01078834443  
0.006034802935  
0.01640049261  
0.009554783681  
0.01144941824  
0.007804262603  
0.008439715863  
0.01106196057  
0.006589144256  
0.006324533096  
0.008232212174  
0.005735229655  
0.007637733207  
0.005519059144  
0.01163620276  
0.004263177825  
0.008605427899  
0.01046371197  
0.009267118896  
0.001075776444  
0.005225328574  
0.006110769191  
0.008935630415  
0.005655344636  
0.01035334492  
-0.0006079678222  
0.005400965351  
0.007147832588  
0.01394994174  
0.003763901969  
0.008045118516  
0.01531114731  
-1.395295905e-05  
0.006052156508  
0.003065690079  
0.001987668728  
0.003194398396  
0.01101079702  
0.00707415565  
0.008398953214  
0.009393213941  
0.00836948648  
0.007377412665  
0.01047594634  
0.01356533359  
0.01265600658  
0.007938385324  
0.008562755135  
0.008244040859  
0.001492009384  
0.007576052873  
