0.1373848161  
0.1106039845  
0.08564089633  
0.1470341046  
0.1290974777  
0.1343584378  
0.1229818783  
0.06855487883  
0.06367393886  
0.1147259295  
0.1096817335  
0.08660553187  
0.1716804926  
0.107438917  
0.08624376025  
0.06412012149  
0.1380818299  
0.05883456265  
0.04927146874  
0.1931894241  
0.07236217303  
0.05632859955  
0.120697365  
0.07664193627  
0.05034875948  
0.04819204605  
0.08021177424  
0.0730814932  
0.09242927307  
0.08719385189  
0.06521873745  
0.206399885  
0.06483139498  
0.0837296999  
0.03093079368  
0.1424200804  
0.08078563304  
0.05718762235  
-0.03505375199  
0.07006122688  
0.01455817572  
0.04454525679  
0.05069651448  
0.04233248173  
0.04164187784  
0.1662405222  
0.04757986985  
0.05506076698  
0.1709457068  
0.07653995514  
-0.01047341678  
0.06709007583  
0.1209600623  
0.08604444712  
0.154399036  
0.02906249055  
0.05648647281  
0.1063363533  
0.1089169523  
0.1102955191  
0.1134457402  
0.02364865502  
0.07257363215  
0.05149542694  
0.04726465519  
0.1661710673  
0.011307373  
0.2011517538  
-0.01573009433  
0.02281602163  
0.05016525561  
0.1631302277  
0.1044189303  
0.2761617343  
0.07115759152  
0.1053216397  
0.08518757926  
0.04994522714  
0.04958743541  
0.2081750787  
0.1001447518  
0.05604701638  
0.06297760814  
0.0479207059  
0.168610657  
0.1212840712  
0.04132807075  
0.007457760752  
0.1219200118  
0.03808966718  
0.1290167071  
0.07216959078  
0.1961318129  
0.1142646802  
0.1369224203  
0.0933303776  
0.1009296979  
0.1322888546  
0.07879890198  
0.07563444421  
0.09844818247  
0.06858702467  
0.09133886899  
0.0660018635  
0.1391561587  
0.05098290738  
0.1029114311  
0.1251344606  
0.1108245266  
0.01286510038  
0.0624891694  
0.07307806369  
0.1068602897  
0.0676316878  
0.123814592  
-0.007270624961  
0.06458959197  
0.08548019869  
0.1668259259  
0.04501211821  
0.09621074874  
0.1831044434  
-0.0001668620086  
0.07237712039  
0.03666227404  
0.02377032684  
0.03820148343  
0.1316769948  
0.08459910337  
0.1004422221  
0.1123324841  
0.1000898316  
0.08822572279  
0.1252807703  
0.1622264363  
0.1513518875  
0.0949343374  
0.1024011125  
0.09858964117  
0.01784278762  
0.09060124059  
