-0.308248809  
-0.2481609501  
-0.1921515426  
-0.3298988121  
-0.2896545988  
-0.3014585573  
-0.2759330952  
-0.1538158315  
-0.14286452  
-0.2574093132  
-0.2460917057  
-0.1943158842  
-0.3851976432  
-0.2410595224  
-0.1935041816  
-0.1438656154  
-0.3098126913  
-0.1320064647  
-0.1105498555  
-0.4334569975  
-0.1623582161  
-0.1263838627  
-0.2708073579  
-0.1719606742  
-0.1129669609  
-0.1081279666  
-0.1799702804  
-0.1639721469  
-0.2073825488  
-0.1956358916  
-0.1463305678  
-0.4630971639  
-0.1454614917  
-0.1878634119  
-0.06939908347  
-0.3195463765  
-0.1812578411  
-0.1283112428  
0.07864971997  
-0.1571956084  
-0.03266401962  
-0.09994570545  
-0.1137472149  
-0.09498092601  
-0.09343142572  
-0.3729920407  
-0.1067544335  
-0.1235392403  
-0.3835490124  
-0.1717318599  
0.02349909068  
-0.1505292694  
-0.2713967687  
-0.1930569849  
-0.3464234284  
-0.06520719223  
-0.126738081  
-0.2385857127  
-0.2443757743  
-0.2474688494  
-0.254536966  
-0.0530602286  
-0.1628326645  
-0.1155397261  
-0.1060471898  
-0.3728362061  
-0.02537022913  
-0.4513219899  
0.03529344055  
-0.05119205812  
-0.1125552354  
-0.3660135077  
-0.2342836116  
-0.6196210614  
-0.1596555098  
-0.2363090108  
-0.1911344398  
-0.1120615598  
-0.1112587864  
-0.4670801467  
-0.2246936838  
-0.1257520776  
-0.1413021706  
-0.1075191637  
-0.3783098866  
-0.2721237438  
-0.09272734022  
-0.01673289622  
-0.2735505969  
-0.08546136969  
-0.2894733745  
-0.1619261213  
-0.4400588031  
-0.2563744132  
-0.307211337  
-0.2094043474  
-0.2264548593  
-0.2968150559  
-0.1768002344  
-0.1697001751  
-0.2208871101  
-0.1538879571  
-0.2049360212  
-0.1480876593  
-0.3122231507  
-0.1143897915  
-0.2309012527  
-0.2807628204  
-0.248655778  
-0.02886528501  
-0.1402062658  
-0.1639644519  
-0.2397612631  
-0.151744478  
-0.2778014454  
0.0163130217  
-0.1449189608  
-0.1917909867  
-0.3743055054  
-0.1009931973  
-0.2158670045  
-0.4108294366  
0.0003743864637  
-0.1623917533  
-0.08225874312  
-0.05333322237  
-0.08571225041  
-0.2954422325  
-0.1898140828  
-0.2253611148  
-0.2520391659  
-0.2245704603  
-0.1979510893  
-0.2810910941  
-0.3639856806  
-0.3395865742  
-0.2130031346  
-0.2297562559  
-0.2212044994  
-0.04003366742  
-0.2032810126  
