200.25471700 0.85 1
203.08224400 1.20 1
205.65893800 1.15 1
208.33576800 1.15 1
214.80682800 0.95 1
216.99166800 0.80 1
219.81871000 1.20 1
222.44552100 1.20 1
228.86649500 0.95 1
231.35147400 0.80 1
300.41503700 0.80 1
303.20090300 1.15 1
305.43568200 0.90 1
374.85777300 1.20 1
377.13457700 0.95 1
383.39731200 0.95 1
385.77388600 0.80 1
388.35903500 1.05 1
457.73097300 1.10 1
460.65812600 1.20 1
463.24335300 0.95 1
465.82025400 1.00 1
534.73347700 1.05 1
537.26060000 0.95 1
543.52319400 0.95 1
