262.32493000 1.20 1
264.71618900 0.85 1
271.13295700 1.20 1
273.80787900 1.20 1
276.33261200 1.00 1
282.84916600 1.20 1
285.62410500 1.20 1
287.99877800 1.00 1
357.14634600 1.15 1
359.52112400 1.05 1
362.00414300 0.85 1
364.49579500 0.90 1
370.83750100 1.10 1
373.26219800 0.85 1
442.35156200 1.20 1
444.87632600 1.05 1
447.55118600 1.00 1
454.02576900 0.90 1
456.50083800 1.00 1
458.92562400 0.90 1
527.59814000 0.95 1
530.22300200 0.95 1
532.85644300 1.10 1
539.48944200 1.05 1
542.01415400 0.85 1
