199.40471700 0.85 1
201.88224400 1.20 1
204.50893800 1.15 1
207.18576800 1.15 1
213.85682800 0.95 1
216.19166800 0.80 1
218.61871000 1.20 1
221.24552100 1.20 1
227.91649500 0.95 1
230.55147400 0.80 1
299.61503700 0.80 1
302.05090300 1.15 1
304.53568200 0.90 1
373.65777300 1.20 1
376.18457700 0.95 1
382.44731200 0.95 1
384.97388600 0.80 1
387.30903500 1.05 1
456.63097300 1.10 1
459.45812600 1.20 1
462.29335300 0.95 1
464.82025400 1.00 1
533.68347700 1.05 1
536.31060000 0.95 1
542.57319400 0.95 1
