324.22520600 1.00 1
326.70184200 1.00 1
329.17856400 0.90 1
331.75541700 1.00 1
338.37689500 1.20 1
341.20344100 0.80 1
343.43034400 1.15 1
346.05702000 1.10 1
415.02953700 0.95 1
417.40626900 0.95 1
423.71884600 0.90 1
426.20404200 1.00 1
428.93108500 1.20 1
435.60210100 0.95 1
438.07897300 1.10 1
440.76418700 1.05 1
447.42702500 1.05 1
450.05377300 0.95 1
518.94315400 1.05 1
521.57837900 1.10 1
528.24109200 0.90 1
530.56758300 0.80 1
532.79447200 1.15 1
539.50711500 0.85 1
541.84210200 0.85 1
