261.12360400 1.15 1
263.65016100 0.95 1
266.17695500 1.00 1
272.84814700 0.90 1
275.37482500 0.85 1
277.76025400 1.20 1
284.32282700 1.00 1
286.94949900 0.85 1
289.42647000 1.10 1
295.90589300 1.05 1
298.58291600 1.20 1
301.20969000 1.20 1
370.20725100 1.00 1
372.93431600 1.15 1
375.66112300 1.10 1
444.59204100 1.20 1
447.26868200 0.80 1
453.43159000 1.10 1
456.05828800 1.00 1
525.37298600 1.10 1
528.04968100 0.95 1
530.73493000 0.90 1
532.96987200 1.05 1
539.34106200 1.15 1
541.96762000 0.90 1
