261.94143300 1.20 1
264.51615100 1.00 1
267.04106500 1.00 1
273.09913400 0.95 1
275.37392100 0.80 1
277.59884400 0.80 1
283.60695900 0.85 1
286.08215400 1.10 1
292.59005900 0.95 1
295.16518200 1.15 1
364.43759200 1.20 1
367.11218300 0.85 1
436.19311500 1.10 1
438.76789800 1.05 1
441.44283800 1.05 1
510.23194800 1.10 1
512.90660000 0.80 1
515.18187000 1.15 1
518.00653500 0.95 1
524.21477900 1.05 1
526.98975300 1.15 1
529.56443600 0.95 1
532.08955400 1.15 1
538.69743400 0.90 1
541.07226900 0.90 1
