261.12493000 1.20 1
263.86618900 0.85 1
269.93295700 1.20 1
272.60787900 1.20 1
275.33261200 1.00 1
281.64916600 1.20 1
284.42410500 1.20 1
286.99877800 1.00 1
355.99634600 1.15 1
358.47112400 1.05 1
361.15414300 0.85 1
363.59579500 0.90 1
369.73750100 1.10 1
372.41219800 0.85 1
441.15156200 1.20 1
443.82632600 1.05 1
446.55118600 1.00 1
453.12576900 0.90 1
455.50083800 1.00 1
458.02562400 0.90 1
526.64814000 0.95 1
529.27300200 0.95 1
531.75644300 1.10 1
538.43944200 1.05 1
541.16415400 0.85 1
