1.37683200 1.10 -2.01076667
3.91215500 0.95 0.37455633
10.67519300 0.95 -2.01076667
13.01039500 1.20 0.57443533
15.89537200 0.85 3.10941233
18.07192800 0.90 5.33596833
87.23632600 1.15 -2.01076667
90.07202700 1.15 0.82493433
96.43478300 1.15 -2.01076667
99.01135100 0.95 0.36580133
168.22567900 1.10 -2.01076667
170.95302300 1.15 0.76657733
173.57980300 1.10 3.34335733
180.00904800 0.85 -2.01076667
182.34423100 1.15 0.62441633
251.70824400 0.90 -2.01076667
254.18568500 1.20 0.76667433
260.44831100 1.15 -2.01076667
