206.27687900 1.05 -2.36115127
209.06246600 1.00 0.37443573
211.64782100 1.20 3.15979073
214.22420600 0.85 5.38617573
282.99650500 0.95 -2.36115127
285.57351600 1.10 0.36585973
354.44611100 1.15 -2.36115127
357.02338000 1.20 0.26611773
359.85786000 0.80 2.70059773
365.92120900 1.20 -2.36115127
368.79790700 0.95 0.26554673
375.16082500 1.05 -2.36115127
377.63733800 1.20 0.26536173
380.21429500 1.15 2.79231873
382.99114100 1.00 5.41916473
389.67104300 1.20 -2.36115127
392.29760500 1.00 0.06541073
461.37024100 1.20 -2.36115127
463.95558400 1.00 0.02419173
470.26845800 1.20 -2.36115127
473.19499900 0.80 0.16538973
541.81751000 1.15 -2.36115127
