1.62715500 1.20 -1.81942467
4.35425200 1.00 0.70767233
10.86688800 0.85 -1.81942467
13.20211100 1.10 0.76579833
15.62885700 1.15 3.24254433
18.26373000 0.90 5.62741733
24.52663300 1.20 -1.81942467
27.15341700 1.10 0.70735933
33.57433200 0.90 -1.81942467
36.10134200 1.15 0.95758533
105.47399100 1.20 -1.81942467
108.25120800 1.15 0.90779233
177.11487000 0.95 -1.81942467
179.39199100 0.95 0.45769633
185.75466000 0.90 -1.81942467
188.33983600 0.90 0.76575133
256.90370600 1.10 -1.81942467
259.38891100 0.85 0.41578033
