144.13395700 1.10 -2.09628900
146.56094000 1.05 0.28069400
215.22488300 1.20 -2.09628900
217.75202100 1.15 0.38084900
224.42331400 1.20 -2.09628900
227.24993200 0.85 0.38032900
229.67670300 0.95 2.90710000
236.34805200 1.05 -2.09628900
239.02486800 0.95 0.48052700
245.54599400 0.90 -2.09628900
247.92275200 1.00 0.38046900
250.45787400 1.05 2.96559100
319.73858400 0.90 -2.09628900
322.27419300 1.00 0.53932000
391.33821500 0.95 -2.09628900
393.91560500 1.20 0.73110100
396.79223600 0.80 3.20773200
399.22754500 1.05 5.89304100
468.03320100 1.20 -2.09628900
470.86014800 0.80 0.33065800
539.96614700 1.05 -2.09628900
542.50162600 1.00 0.38919000
