203.58348000 0.90 -2.28434461
206.01884100 0.80 0.05101639
208.55427200 1.10 2.88644739
214.96689200 1.00 -2.28434461
217.59386900 1.15 0.49263239
220.47905600 1.00 3.22781939
289.72686000 1.20 -2.28434461
292.65424900 1.15 0.59304439
295.28105500 1.15 3.21985039
297.75747500 0.85 5.39627039
304.12862300 0.90 -2.28434461
306.60548400 1.05 0.34251639
375.96133400 0.90 -2.28434461
378.19671300 0.95 0.00103439
384.40941000 1.05 -2.28434461
387.08623200 1.00 0.34247739
389.76292600 0.90 2.91917139
458.78541500 0.90 -2.28434461
461.11272400 1.15 0.29296439
530.63550400 1.15 -2.28434461
533.51287900 1.10 0.54303039
540.23393100 0.80 -2.28434461
542.41910200 1.15 0.25082639
