265.62682600 1.20 -2.26476117
268.31244000 1.20 0.42085283
274.88356600 1.15 -2.26476117
277.46046200 1.20 0.36213483
280.38740200 1.10 3.18907483
349.91024500 1.15 -2.26476117
352.69589000 1.05 0.42088383
358.96684100 1.05 -2.26476117
361.54371000 1.10 0.36210783
430.70801600 1.20 -2.26476117
433.38505100 1.00 0.21227383
435.71151600 0.80 2.33873883
442.13297500 1.10 -2.26476117
444.90964300 0.90 0.31190683
447.33666700 1.20 3.03893083
516.75898600 0.80 -2.26476117
519.09469200 1.05 0.32094483
521.72136800 0.95 2.84762083
524.24835300 1.20 5.62460583
530.66928300 1.00 -2.26476117
533.29621300 1.10 0.46216883
539.65874000 0.95 -2.26476117
542.29410700 1.05 0.47060583
