1.72703200 1.00 -1.90186178
4.35410300 0.90 0.62520922
10.72531500 0.95 -1.90186178
13.06035500 1.05 0.53317822
19.79854100 1.20 -1.90186178
22.72531200 1.00 0.82490922
29.34680400 1.20 -1.90186178
32.12333200 1.20 0.87466622
34.95028700 1.00 3.50162122
104.32335000 1.20 -1.90186178
106.90882100 1.10 0.58360922
109.48546400 1.00 3.06025222
178.54970400 1.05 -1.90186178
181.33522500 0.90 0.73365922
250.30794300 1.20 -1.90186178
253.23529800 1.10 0.92549322
255.86210100 1.10 3.55229622
262.52501400 1.05 -1.90186178
