1.72686700 0.95 -2.02191850
4.02877600 0.90 0.22999050
6.56406400 1.00 2.86527850
75.44461600 0.85 -2.02191850
77.83864000 1.15 0.67210550
147.40320600 1.10 -2.02191850
149.98039500 1.15 0.60527050
152.65705200 0.90 3.03192750
159.17831800 1.00 -2.02191850
161.61351100 1.15 0.56327450
164.44863700 0.95 3.19840050
170.61953900 0.95 -2.02191850
173.19635000 1.00 0.60489250
175.78146000 0.90 3.09000250
182.10276900 1.20 -2.02191850
184.87927700 0.80 0.35458950
191.15883000 1.05 -2.02191850
193.78551200 0.80 0.35476350
199.91492800 0.95 -2.02191850
202.49169900 1.00 0.60485250
