274.47483300 1.10 -1.82511045
277.21015500 0.80 0.61021155
345.82429700 1.05 -1.82511045
348.55174800 1.15 1.00234055
417.67431900 1.15 -1.82511045
420.40154000 1.00 0.75211055
489.22404300 1.15 -1.82511045
492.05120600 0.95 0.80205255
494.47811000 1.20 3.47895655
501.35773200 1.00 -1.82511045
503.98475400 1.20 1.00191155
506.91973400 0.95 3.68689155
513.39096200 0.90 -1.82511045
515.71780400 1.15 0.75173155
522.43074700 1.05 -1.82511045
525.00726900 0.80 0.50141155
527.24233300 0.90 2.83647555
533.56336100 0.95 -1.82511045
536.14037200 1.20 1.00190055
542.35268600 0.80 -1.82511045
