267.33647200 1.15 -2.42864704
270.13048500 0.85 0.06536596
272.31505400 0.95 2.34993496
275.00026900 0.90 4.98514996
281.02110000 0.95 -2.42864704
283.64817300 1.20 0.44842596
290.36939500 1.05 -2.42864704
292.74580300 0.85 -0.25223904
295.12238700 0.80 2.07434496
363.89489100 0.85 -2.42864704
366.48087500 1.20 0.50733696
435.90340900 0.90 -2.42864704
438.43065800 1.05 0.24860196
507.79504500 0.90 -2.42864704
510.28080600 1.15 0.30711396
512.85741800 1.00 2.73372596
515.29259100 1.15 5.31889896
522.15566600 1.10 -2.42864704
524.78253900 1.15 0.24822596
531.10358600 1.15 -2.42864704
533.78035300 1.05 0.14811996
536.50705000 0.85 2.67481696
543.12012800 1.00 -2.42864704
