334.01544000 1.20 -2.02720690
336.89215200 1.00 0.64950510
343.30495200 1.00 -2.02720690
345.63162800 1.10 0.39946910
348.26674400 1.00 2.93458510
417.05596300 1.05 -2.02720690
419.68255900 0.90 0.44938910
425.99545900 1.10 -2.02720690
428.57229600 1.20 0.64963010
435.18519700 1.15 -2.02720690
438.01202300 1.05 0.69961910
440.63888700 1.05 3.32648310
447.10999700 1.00 -2.02720690
450.32123300 1.20 1.38402910
456.99173100 0.90 -2.02720690
459.51866100 1.10 0.69972310
462.34566700 1.20 3.62672910
531.30157400 1.15 -2.02720690
534.02818000 0.85 0.39939910
536.30508200 1.20 3.02630110
542.77618100 1.20 -2.02720690
