268.01132500 0.90 -2.30373174
270.48813300 1.05 0.32307626
339.13548900 0.95 -2.30373174
341.47059000 1.05 0.13136926
410.41006300 1.20 -2.30373174
413.18690500 1.20 0.47311026
419.65802900 1.10 -2.30373174
422.38469300 0.90 0.22293226
428.80583700 1.00 -2.30373174
431.18252800 1.05 0.12295926
433.95921500 0.80 2.64964626
436.48603200 0.90 5.27646326
442.79884000 1.05 -2.30373174
445.23386000 0.95 0.03128826
447.76022900 0.90 2.50765726
453.93181800 1.20 -2.30373174
456.80862900 1.10 0.47307926
459.23520700 1.00 2.79965726
461.66202300 1.15 5.37647326
530.84316300 1.15 -2.30373174
533.36992000 1.15 0.22302526
540.08289600 1.15 -2.30373174
542.80947600 0.85 0.12284826
