1.71905600 1.00 -1.88637621
4.05407100 1.05 0.49863879
6.68063100 0.85 2.92519879
12.80190400 1.15 -1.88637621
15.27846700 1.05 0.49018679
17.65501500 0.95 2.76673479
24.17635900 1.10 -1.88637621
26.85328100 1.20 0.89054579
33.11579200 1.05 -1.88637621
35.64269300 1.20 0.79052479
42.40531400 0.80 -1.88637621
44.83216800 1.00 0.74047779
47.50907800 1.05 3.46738779
54.37228700 1.15 -1.88637621
57.09909000 1.10 0.79042679
63.52033400 1.20 -1.88637621
66.29716300 1.15 0.84045279
135.58683000 1.20 -1.88637621
138.46364100 1.10 0.89043479
