269.72065700 0.85 -2.33006577
272.20602400 1.10 0.40530123
274.89108200 1.05 3.04035923
277.41789500 1.10 5.61717223
284.28092300 1.05 -2.33006577
286.65740900 0.90 -0.10357977
292.77016700 1.10 -2.33006577
295.49706100 1.10 0.39682823
302.30979200 1.05 -2.33006577
304.68648300 0.85 -0.15337477
307.17186100 1.10 2.58200323
309.60688000 1.10 5.01702223
378.93795300 1.00 -2.33006577
381.66467900 0.85 0.24666023
384.14166100 1.10 2.97364223
390.95456500 0.95 -2.33006577
393.38152900 1.20 0.34689823
463.30492400 1.00 -2.33006577
465.63966300 1.05 0.05467323
472.06062800 1.00 -2.33006577
474.73768000 1.20 0.54698623
543.62677100 1.20 -2.33006577
