1.51913800 1.20 -1.86844039
4.44606500 1.15 1.00848661
7.07294500 1.20 3.68536661
13.63561400 1.00 -1.86844039
16.36260900 1.10 0.95855461
85.35148400 0.95 -1.86844039
87.88692100 0.95 0.66699661
94.14946000 0.85 -1.86844039
96.60958000 0.90 0.64167961
99.23646200 1.00 3.36856161
105.84944900 1.10 -1.86844039
108.32617600 1.15 0.65828661
115.33081600 0.90 -1.86844039
117.60734800 0.85 0.35809161
120.03430400 1.15 3.08504761
188.76520200 1.20 -1.86844039
191.45009400 0.90 0.51645161
197.51291700 1.20 -1.86844039
