1.41903400 1.15 -2.66285345
4.19573400 1.00 -0.03615345
73.15986400 1.00 -2.66285345
75.63654400 0.80 -0.38617345
78.02170600 0.90 2.09898855
84.23433100 1.00 -2.66285345
86.86120700 1.00 -0.03597745
93.37387700 0.85 -2.66285345
95.65918600 1.20 -0.02754445
98.48567000 0.80 2.39893955
167.61712200 1.15 -2.66285345
170.39382700 0.95 -0.08614845
172.82892600 0.95 2.34895055
179.40015500 1.05 -2.66285345
181.88537800 1.15 -0.07763045
184.37014900 0.90 2.15714055
187.62246000 0.90 5.40945155
256.75333700 0.80 -2.66285345
259.28028700 1.00 0.06409655
261.95693400 0.80 2.54074355
264.30033500 0.85 4.93414455
270.77172300 1.15 -2.66285345
