269.68767300 1.20 -2.20908459
272.52266000 0.85 0.27590241
275.04965400 1.15 3.10289641
277.92669600 1.20 6.02993841
347.32454400 1.15 -2.20908459
350.10136100 1.00 0.41773241
356.58100800 1.15 -2.20908459
359.20773900 1.10 0.36764641
361.83434300 0.90 2.79425041
364.36957900 1.00 5.42948641
433.20858600 0.90 -2.20908459
435.43510000 0.85 -0.03257059
504.07447900 1.10 -2.20908459
506.75102900 0.85 0.21746541
512.82210500 1.00 -2.20908459
515.19885300 1.15 0.31766341
521.76159200 1.05 -2.20908459
524.44664900 0.85 0.27597241
530.60930700 0.95 -2.20908459
532.88596200 1.05 0.16757041
539.60742700 1.20 -2.20908459
542.43431900 1.10 0.51780741
