1.56912800 1.20 -2.52637677
4.67119500 1.15 0.52569023
74.06902600 0.95 -2.52637677
76.34586000 1.20 0.00045723
79.02248000 1.00 2.47707723
81.59927600 1.00 5.05387323
88.26228500 1.05 -2.52637677
90.69712400 0.80 -0.34153777
159.39482300 1.10 -2.52637677
161.87162900 1.15 0.00042923
164.44830200 1.05 2.47710223
170.81096600 1.00 -2.52637677
173.18774100 1.10 -0.04960177
242.16041800 1.10 -2.52637677
244.93707600 0.80 -0.04971877
247.47244800 1.05 2.73565323
253.93527500 1.20 -2.52637677
256.66208000 1.05 0.05042823
259.28863600 0.80 2.42698423
261.46556100 1.20 5.00390923
267.92824100 1.10 -2.52637677
270.50488600 0.95 -0.09973177
