211.13066200 1.10 -1.77050840
213.96626700 0.95 0.91509660
216.35117800 0.90 3.25000760
285.21505000 0.80 -1.77050840
287.54235800 1.10 0.85679960
356.65664700 1.10 -1.77050840
359.33390600 1.10 0.90675060
366.21370400 1.10 -1.77050840
368.79013900 0.80 0.50592660
371.21684100 0.80 2.93262860
377.33809300 1.20 -1.77050840
379.96500200 1.20 0.85640060
386.47785700 1.20 -1.77050840
389.41318000 1.15 1.11481460
458.62735400 1.10 -1.77050840
461.10445700 1.05 0.65659460
463.48116500 1.10 3.08330260
470.01072100 1.10 -1.77050840
472.73748300 1.00 0.85625360
541.85194700 1.20 -1.77050840
