269.97992000 1.20 -2.13495245
272.76552400 1.10 0.55065155
275.55066500 1.05 3.28579255
277.93565000 0.95 5.57077755
284.49868100 1.20 -2.13495245
287.17563000 1.20 0.54199655
293.98852600 1.05 -2.13495245
296.77388800 1.15 0.75040955
365.64616600 1.15 -2.13495245
368.32339300 1.05 0.44227455
437.58772500 1.15 -2.13495245
440.37349900 1.20 0.70082155
442.90008900 1.00 3.02741155
449.02945200 1.10 -2.13495245
451.70603700 0.85 0.29163255
453.93274700 1.00 2.66834255
523.24703700 1.00 -2.13495245
525.77429300 1.15 0.54230355
531.93671100 0.90 -2.13495245
534.41365300 1.15 0.59198955
540.63431600 0.90 -2.13495245
542.86943700 1.05 0.25016855
