2.47687600 1.00 -2.24832425
5.00405300 1.20 0.27885275
7.83938700 1.15 3.11418675
14.65239200 1.10 -2.24832425
17.07904000 1.00 0.17832375
19.30557800 0.80 2.40486175
25.12623000 0.80 -2.24832425
27.61142500 1.05 0.23687075
33.84068400 0.90 -2.24832425
36.67606400 1.20 0.58705575
39.35286900 1.10 3.26386075
108.22514800 1.00 -2.24832425
111.05265000 1.15 0.57917775
113.63770400 1.05 3.16423175
120.05892800 1.15 -2.24832425
122.98592300 1.20 0.67867075
125.77076600 1.20 3.46351375
194.89362200 1.00 -2.24832425
197.17893400 0.95 0.03698775
203.80022800 1.00 -2.24832425
