209.22909500 1.15 -1.86960048
211.80590600 0.80 0.35721052
214.03253700 0.85 2.63384152
282.75499300 1.10 -1.86960048
285.33213700 1.10 0.70754352
354.64631100 1.00 -1.86960048
357.13170300 0.90 0.51579152
359.76688500 0.90 3.15097352
366.24661000 1.20 -1.86960048
369.03162600 0.95 0.66541552
371.71695900 1.10 3.50074852
378.53007900 1.15 -1.86960048
381.16526000 1.20 0.81558052
450.32913400 1.05 -1.86960048
452.80619800 0.90 0.45746352
458.82735300 1.20 -1.86960048
461.36154400 0.90 0.36459052
463.73881000 0.90 2.74185652
470.15996300 1.10 -1.86960048
472.84495200 1.20 0.91538852
542.20923600 0.80 -1.86960048
