276.25887200 1.20 -1.62134453
279.13620600 1.10 1.15598947
285.80754100 1.20 -1.62134453
288.58441100 1.05 1.00552547
295.20575900 1.15 -1.62134453
297.83263000 1.20 1.05552647
300.61762600 0.95 3.59052247
369.83190400 1.05 -1.62134453
372.60913000 0.95 1.05588147
378.88011000 0.90 -1.62134453
381.46525200 0.90 0.96379747
387.53596400 0.80 -1.62134453
389.87081200 0.80 0.71350347
392.09769100 1.05 3.19038247
398.66878900 0.95 -1.62134453
400.99516000 1.10 0.85502647
470.20945100 0.80 -1.62134453
472.68674100 0.95 1.00594547
541.95941000 1.10 -1.62134453
