1.57681100 0.95 -1.86992094
4.05398300 1.00 0.65725106
10.56694300 1.15 -1.86992094
13.39380900 1.00 0.80694506
82.31617900 1.05 -1.86992094
85.10185400 1.00 0.86575406
87.78713800 1.15 3.70103806
94.50811800 0.80 -1.86992094
96.73466700 0.85 0.40662806
165.69873400 0.90 -1.86992094
168.28452500 1.15 0.96587006
170.96145600 1.20 3.69280106
177.37411600 1.05 -1.86992094
179.80882700 0.80 0.31479006
182.33559900 0.85 2.89156206
188.86547900 1.20 -1.86992094
191.79212800 0.80 0.65672806
198.05514000 1.15 -1.86992094
