1.48527400 1.10 -1.97740433
4.31266300 1.15 0.89998467
10.83363200 0.85 -1.97740433
13.36894100 1.15 0.85790467
19.63163500 1.15 -1.97740433
22.25812000 0.95 0.44908067
91.38093700 1.15 -1.97740433
94.00818900 1.10 0.59984767
96.83453800 0.90 3.22619667
103.35609200 0.95 -1.97740433
105.99150300 1.20 0.90800667
175.21374900 0.95 -1.97740433
177.64082700 0.90 0.39967367
180.11750000 0.85 2.82634667
182.54418800 0.85 5.25303467
189.01568500 1.20 -1.97740433
191.54224800 1.05 0.39915867
260.25611900 1.05 -1.97740433
