332.00632500 1.20 -2.00144118
334.78354900 1.10 0.67578282
341.35482600 1.15 -2.00144118
343.83134200 0.95 0.27507482
412.63679800 0.80 -2.00144118
414.76376300 0.80 0.12552382
417.29052500 0.85 2.70228582
423.77038500 1.20 -2.00144118
426.44688700 0.85 0.32506082
428.93190000 0.80 2.76007382
431.21709100 1.05 5.29526482
437.58817200 1.15 -2.00144118
440.17303200 0.85 0.28341882
442.70010300 1.20 3.16048982
511.87255800 1.05 -2.00144118
514.44970100 0.95 0.47570182
520.96270600 1.10 -2.00144118
523.73929900 0.85 0.52515182
529.95235100 1.20 -2.00144118
532.83756000 1.05 0.73376782
539.40049500 1.10 -2.00144118
542.07731000 1.10 0.67537382
