1.72698500 1.05 -2.41367971
4.20425800 1.20 0.21359329
6.93077200 0.85 2.59010729
13.14342900 0.90 -2.41367971
15.62034800 1.10 0.26323929
84.98479600 1.15 -2.41367971
87.82046500 1.15 0.42198929
94.55028600 1.20 -2.41367971
97.47702300 0.95 0.26305729
103.95669000 1.10 -2.41367971
106.78373800 1.20 0.51336829
109.51046600 1.00 3.04009629
116.13148000 0.80 -2.41367971
118.35845200 1.20 0.21329229
121.29365800 1.05 2.99849829
124.07033000 0.80 5.52517029
192.83458000 1.10 -2.41367971
195.46184400 1.15 0.26358429
198.33884600 1.15 3.14058629
204.60963200 0.90 -2.41367971
206.83616700 0.95 -0.13714471
