200.20646300 1.05 -2.51019483
202.88353800 0.90 0.01688017
205.26014200 0.80 2.29348417
207.54529500 1.05 4.82863717
276.90977100 1.15 -2.51019483
279.73704100 1.05 0.21707517
348.80960800 1.15 -2.51019483
351.68679700 0.90 0.11699417
354.12197800 1.05 2.70217517
360.83501000 1.10 -2.51019483
363.66201800 1.15 0.36681317
366.53898200 1.10 3.19377717
373.15184000 1.05 -2.51019483
375.82883200 1.20 0.31679717
444.69250400 0.85 -2.51019483
447.01989100 1.20 0.16719217
453.58267900 1.10 -2.51019483
456.05912800 1.20 0.06625417
458.88627600 1.10 2.79340217
461.41305100 1.05 5.27017717
467.73402100 1.10 -2.51019483
470.21086600 1.15 0.01665017
539.47518400 1.10 -2.51019483
542.16082300 1.15 0.22544417
