2.67708500 1.20 -2.37307860
4.96223300 0.80 -0.08793060
74.02647900 1.00 -2.37307860
76.46194000 1.05 0.06238240
78.93863900 0.90 2.53908140
81.71560200 1.05 5.31604440
150.82974800 1.00 -2.37307860
153.30690400 1.00 0.10407740
155.64180400 0.80 2.43897740
158.31873100 1.00 5.11590440
164.73145100 0.85 -2.37307860
167.60848500 1.15 0.50395540
174.12965400 0.90 -2.37307860
176.45628000 0.95 -0.04645260
245.33695000 0.85 -2.37307860
247.81409400 0.90 0.10406540
250.49100400 1.05 2.78097540
257.06226500 1.10 -2.37307860
259.58889200 0.80 0.15354840
266.06845400 0.95 -2.37307860
