1.62692200 0.95 -2.26752868
4.30426200 1.05 0.50981132
73.46858700 1.10 -2.26752868
76.29575100 0.90 0.35963532
82.50867000 1.15 -2.26752868
85.38556000 1.05 0.50936132
91.89840200 1.10 -2.26752868
94.52501500 0.85 0.10908432
163.43920400 0.95 -2.26752868
165.81620600 0.90 0.05947332
168.40146300 1.00 2.74473032
170.92821200 1.05 5.32147932
177.19916300 0.95 -2.26752868
179.58425700 1.05 0.21756532
248.80690400 1.15 -2.26752868
251.53402700 0.95 0.25959432
254.01094500 1.15 2.93651232
256.48741500 0.85 5.11298232
262.60035400 1.20 -2.26752868
