273.37322200 1.10 -2.10039781
275.70022000 0.90 0.22660019
278.18529600 0.85 2.71167619
347.40801900 1.15 -2.10039781
350.13524200 1.15 0.62682519
356.44790600 0.80 -2.10039781
359.02473200 1.00 0.47642819
365.33749100 1.10 -2.10039781
367.67239600 0.80 0.23450719
436.84514000 1.20 -2.10039781
439.38062400 1.20 0.43508619
508.39470400 1.00 -2.10039781
510.92190600 1.10 0.42680419
513.69880000 1.10 3.20369819
519.91969800 0.80 -2.10039781
522.55497000 1.15 0.53487419
525.43201100 1.15 3.41191519
528.05875900 1.05 6.03866319
534.88018600 1.15 -2.10039781
537.55708600 1.15 0.57650219
543.47769300 0.80 -2.10039781
