208.26133200 1.00 -2.23381091
210.78846800 1.10 0.29332509
279.80276700 1.20 -2.23381091
282.48752200 1.20 0.45094409
285.02337900 0.85 2.98680109
291.54455000 0.95 -2.23381091
294.22973100 0.95 0.45137009
296.61469100 0.85 2.83633009
299.49156200 1.20 5.71320109
305.75444400 1.00 -2.23381091
308.33127900 1.15 0.34302409
314.75234100 0.95 -2.23381091
317.52931600 1.20 0.54316409
386.93543100 1.15 -2.23381091
389.51248500 1.10 0.34324309
391.93921300 0.90 2.76997109
397.75160000 0.90 -2.23381091
400.27837300 1.15 0.29296209
469.24256000 1.05 -2.23381091
471.87807900 0.95 0.40170809
474.15462500 0.85 2.67825409
543.41897800 1.00 -2.23381091
