1.32690700 1.15 -1.99268537
3.85378100 0.95 0.33418863
72.87642500 1.05 -1.99268537
75.26190200 1.10 0.44279163
81.93298500 0.85 -1.99268537
84.26822300 1.15 0.64255263
91.28129300 1.05 -1.99268537
93.71612100 0.90 0.29214263
96.15150000 1.20 3.02752163
103.03129200 1.20 -1.99268537
105.61629200 1.05 0.44231463
108.40168100 1.20 3.37770363
111.13658100 0.90 5.81260363
117.49959900 1.20 -1.99268537
120.12643400 1.20 0.63414963
189.49910500 1.15 -1.99268537
192.33466400 1.00 0.69287363
261.44887000 1.00 -1.99268537
263.78419600 0.90 0.24264063
