338.05960100 0.80 -1.95174425
340.38652900 1.00 0.37518375
346.99941900 1.15 -1.95174425
349.57604900 0.85 0.62488575
355.99706100 1.15 -1.95174425
358.38194500 0.85 0.43313975
427.60434700 1.20 -1.95174425
429.98135300 0.90 0.42526175
498.60631000 0.95 -1.95174425
501.33182900 1.00 0.77377475
508.14502000 1.20 -1.95174425
510.62174200 1.10 0.52497775
517.35142300 1.05 -1.95174425
520.07838300 1.10 0.77521575
522.65517800 1.15 3.35201075
525.29031200 1.15 5.98714475
531.36113200 0.80 -1.95174425
534.09644900 1.05 0.78357275
536.82340700 1.20 3.51053075
543.18610100 1.05 -1.95174425
