270.25711900 1.15 -2.28696827
272.99277500 1.10 0.44868773
341.81627600 0.80 -2.28696827
344.39362300 1.00 0.29037873
350.60633000 0.95 -2.28696827
353.18320200 1.10 0.28990373
355.70999800 1.15 2.81669973
362.02281400 1.05 -2.28696827
364.19918400 0.85 -0.11059827
370.56167800 0.85 -2.28696827
373.38916200 1.10 0.54051573
376.02432000 0.95 3.17567373
382.79585100 1.05 -2.28696827
385.37268200 1.00 0.28986273
388.25803700 1.15 3.17521773
390.93495100 1.20 5.85213173
459.55777100 0.80 -2.28696827
462.24343100 1.00 0.39869173
465.02045800 1.10 3.17571873
471.59166100 0.90 -2.28696827
474.11846000 0.95 0.23983073
543.33318300 0.95 -2.28696827
