1.67700100 1.00 -2.34182367
4.41265000 0.95 0.34382533
6.98929900 0.85 2.82047433
76.06214100 1.15 -2.34182367
78.93955500 1.20 0.58559033
81.46596200 0.85 2.76199733
87.68685900 0.85 -2.34182367
90.17204400 0.90 0.19336133
158.73566000 1.15 -2.34182367
161.42120500 1.10 0.29372133
167.94227000 1.05 -2.34182367
170.41886800 1.00 0.08477433
173.04549400 0.80 2.51140033
175.52235700 1.00 5.18826333
181.84335000 1.10 -2.34182367
184.62029600 1.00 0.33512233
253.94217600 1.05 -2.34182367
256.52775000 1.10 0.29375033
259.31299200 1.10 3.07899233
265.48356800 0.85 -2.34182367
267.91870800 1.00 0.24331633
