1.62683600 0.95 -2.03086942
4.16234300 1.00 0.55463758
6.89756200 0.95 3.23985658
76.07863500 1.15 -2.03086942
78.75555900 0.85 0.34605458
81.29068000 0.80 2.83117558
87.21173300 1.15 -2.03086942
89.73803200 1.00 0.34542958
92.11503700 1.00 2.72243458
160.78747900 1.20 -2.03086942
163.62314500 1.15 0.75479658
170.25271900 1.15 -2.03086942
173.03781200 0.95 0.55422358
175.67320300 1.20 3.43961458
182.64454200 1.05 -2.03086942
185.27988300 1.20 0.75447158
192.05958300 1.15 -2.03086942
194.84471300 1.10 0.70426058
201.45774100 1.15 -2.03086942
