1.62700400 1.00 -2.24589515
4.15402800 0.90 0.18112885
10.87561500 1.10 -2.24589515
13.50240200 1.10 0.38089185
16.23749600 0.95 2.96598585
85.31021500 1.15 -2.24589515
88.18753400 1.05 0.53142385
90.97253400 0.80 3.06642385
159.79514600 1.05 -2.24589515
162.17199700 0.85 -0.06904415
164.75727600 1.00 2.66623485
171.17864500 1.20 -2.24589515
173.86364800 1.05 0.28910785
243.02802800 1.20 -2.24589515
245.95507200 0.80 0.28114885
315.07767700 0.90 -2.24589515
317.35470100 0.85 -0.01887115
319.63164300 1.20 2.60807085
322.40823200 0.90 5.08465985
328.57093800 1.00 -2.24589515
