205.18424000 1.15 -2.23921945
207.71191900 0.90 0.03845955
213.72446900 0.95 -2.23921945
216.30982300 1.15 0.54613455
222.98115900 1.20 -2.23921945
225.51593600 0.90 -0.00444245
227.80102800 1.05 2.43064955
230.53624900 1.05 5.16587055
300.00073500 1.10 -2.23921945
302.68638200 1.15 0.49642755
309.21565700 0.85 -2.23921945
311.50086200 1.15 0.34598555
381.02358200 1.10 -2.23921945
383.75909400 1.00 0.39629255
452.85663500 1.05 -2.23921945
455.58398500 1.10 0.53813055
458.36943300 1.20 3.42357855
460.89607600 1.10 5.85022155
530.01007400 0.95 -2.23921945
532.38722300 1.10 0.28792955
539.10878900 1.20 -2.23921945
541.98574600 1.20 0.63773755
