209.24613700 1.20 -1.87802714
211.97316100 0.90 0.54899686
280.63741200 1.20 -1.87802714
283.46450100 0.95 0.69906186
285.99979900 1.15 3.43435986
355.37241900 1.10 -1.87802714
357.99943200 0.80 0.44898586
427.02215700 1.10 -1.87802714
429.85764600 0.85 0.70746186
436.12860700 0.80 -1.87802714
438.26381100 1.15 0.60717686
444.97649700 0.85 -1.87802714
447.40328600 1.10 0.79876186
516.61754900 1.00 -1.87802714
519.20316900 1.15 0.85759286
522.08860400 1.10 3.69302786
528.60133700 1.00 -1.87802714
531.33661300 1.05 0.90724886
534.02179400 1.00 3.54242986
540.53443800 0.80 -1.87802714
542.81960500 1.05 0.65713986
