206.80264900 1.10 -2.07732982
209.42991500 1.10 0.54993618
216.05104100 0.95 -2.07732982
218.62795500 1.10 0.64958418
225.34101800 1.20 -2.07732982
228.07590900 1.20 0.65756118
297.69891100 1.00 -2.07732982
300.32620200 1.00 0.54996118
302.90287900 0.95 3.07663818
305.33786200 0.85 5.41162118
311.31729400 1.10 -2.07732982
313.84380400 0.90 0.24918018
316.07053300 1.10 2.67590918
322.04144300 1.20 -2.07732982
324.86842000 1.20 0.74964718
393.68222900 1.05 -2.07732982
396.25928500 0.90 0.34972618
465.38195800 1.10 -2.07732982
467.95898600 0.90 0.29969818
470.53595400 1.05 3.02666618
540.00883000 1.15 -2.07732982
542.58599900 1.10 0.44983918
