143.39182100 0.90 -2.12209673
145.97766100 1.20 0.76374327
148.76269400 0.90 3.24877627
217.53525400 1.20 -2.12209673
220.46219700 0.85 0.45484627
222.73913300 1.10 2.98178227
225.56589500 0.85 5.55854427
294.12988400 1.05 -2.12209673
296.60693900 0.95 0.25495827
365.72973900 1.20 -2.12209673
368.30696200 1.20 0.45512627
371.13379300 1.10 3.18195727
440.55661400 1.15 -2.12209673
443.28369600 0.95 0.40498527
450.10501200 0.85 -2.12209673
452.53195700 1.10 0.55484827
458.59454300 1.15 -2.12209673
461.07931100 0.90 0.11267127
530.14369000 1.05 -2.12209673
532.72918100 1.00 0.41339427
539.19200500 1.00 -2.12209673
541.82733900 1.20 0.71323727
