2.27676700 0.95 -2.30171770
4.75392200 1.10 0.17543730
7.23063600 1.10 2.65215130
9.71572900 1.10 5.13724430
15.97833100 1.05 -2.30171770
18.80533000 1.10 0.52528130
88.22806300 1.05 -2.30171770
90.75532200 1.20 0.22554130
93.39038100 1.05 2.86060030
99.91992300 1.00 -2.30171770
102.60514500 1.05 0.38350430
109.56830500 1.15 -2.30171770
112.25354200 1.10 0.38351930
114.83024100 0.85 2.96021830
121.09302100 1.05 -2.30171770
123.61976700 1.15 0.22502830
126.04597200 0.80 2.65123330
195.11886800 0.90 -2.30171770
197.65456800 1.10 0.23398230
266.52675100 0.80 -2.30171770
