146.06896200 1.20 -2.16953676
148.99623500 1.05 0.60773624
218.01047000 1.20 -2.16953676
220.89599700 0.95 0.46599024
223.48121000 1.00 3.10120324
292.79567900 1.15 -2.16953676
295.53096000 0.80 0.21574424
301.39362500 1.10 -2.16953676
304.07040900 1.00 0.40724724
372.83439600 1.10 -2.16953676
375.66191900 1.20 0.75798624
378.49715700 1.10 3.49322424
380.92381500 1.10 5.91988224
450.09643700 1.15 -2.16953676
452.62356000 1.10 0.30758624
521.94603400 1.00 -2.16953676
524.52349000 1.20 0.60791924
531.09460800 1.05 -2.16953676
533.87145600 1.00 0.55731124
536.59814500 0.80 3.08400024
542.56076800 0.95 -2.16953676
