1.48535000 1.15 -2.32798429
4.07048500 0.85 -0.04284929
6.60564400 0.90 2.54230971
75.46997800 1.10 -2.32798429
78.19729100 1.10 0.39932871
80.72380200 0.85 2.67583971
82.95050800 1.10 5.15254571
151.91444000 0.80 -2.32798429
154.45022500 1.10 0.50780071
157.02710400 1.20 3.18467971
163.39799200 1.00 -2.32798429
165.98329200 1.15 0.40731571
172.75463400 1.20 -2.32798429
175.68155900 1.00 0.39894071
178.06637700 0.85 2.63375871
184.43745800 0.85 -2.32798429
186.71445500 1.20 0.29901271
255.72837600 1.00 -2.32798429
258.11393500 1.15 0.20757471
327.61979700 0.85 -2.32798429
330.05539800 1.00 0.25761671
