1.72696900 0.90 -2.24076650
4.30415300 0.90 0.33641750
10.76701200 1.00 -2.24076650
13.29381900 1.00 0.28604050
19.45653300 1.10 -2.24076650
22.08325100 1.05 0.33595150
24.86037300 1.20 3.26307350
31.62312400 1.00 -2.24076650
34.25001300 1.00 0.38612250
36.97712100 1.20 3.31323050
43.63967000 0.80 -2.24076650
46.06652400 1.00 0.38608750
48.69343200 1.05 3.06299550
51.27022500 1.05 5.63978850
58.08317600 1.00 -2.24076650
60.66834700 0.95 0.29440450
67.13943200 0.90 -2.24076650
69.71621600 0.90 0.33601750
75.88730800 1.10 -2.24076650
78.51407700 1.00 0.28600250
