210.52931000 1.10 -1.94711867
213.10652400 1.15 0.63009533
215.99143100 1.20 3.51500233
284.96419700 0.95 -1.94711867
287.59987600 1.20 0.68856033
294.37113100 1.00 -1.94711867
296.75611100 0.90 0.43786133
365.67840300 0.80 -1.94711867
368.10555600 0.90 0.48003433
374.52679900 1.15 -1.94711867
377.01173300 0.85 0.53781533
446.07597700 1.05 -1.94711867
448.76163800 1.05 0.73854233
518.03431200 1.15 -1.94711867
520.46128000 1.00 0.47984933
523.13819800 0.95 3.15676733
525.72341700 1.15 5.74198633
532.04441900 1.15 -1.94711867
534.32926000 0.85 0.33772233
540.35012300 0.80 -1.94711867
543.07707300 1.10 0.77983133
