1.42680300 0.95 -1.90742861
4.05407700 1.00 0.76984539
10.13338600 1.10 -1.90742861
12.91878000 1.20 0.97796539
15.69550300 1.05 3.60468839
22.44203200 1.20 -1.90742861
25.36879400 1.00 0.81933339
27.79542500 0.90 3.14596439
97.06797700 0.85 -1.90742861
99.25339200 0.95 0.37798639
168.48428300 1.00 -1.90742861
171.21182800 1.20 1.02011639
240.42611500 1.20 -1.90742861
242.95326700 1.20 0.61972339
249.66590200 0.85 -1.90742861
252.19263800 0.90 0.66930739
254.77782900 0.90 3.25449839
261.09045700 0.85 -1.90742861
