1.72703800 1.10 -2.42086086
4.55445000 1.10 0.40655114
7.33133800 1.10 3.18343914
13.59400800 1.05 -2.42086086
16.37070800 0.80 0.10583914
18.89760600 0.95 2.78273714
21.43267100 0.90 5.26780214
27.91240000 1.15 -2.42086086
30.59726900 0.80 -0.08599186
32.97401200 0.90 2.39075114
102.09662700 0.90 -2.42086086
104.53194500 0.80 -0.08554286
173.14629700 1.20 -2.42086086
175.87338100 1.00 0.10622314
178.35015500 1.05 2.63299714
247.66443700 1.00 -2.42086086
250.14971300 0.90 -0.03558486
252.42655100 1.05 2.39125314
321.30747600 1.20 -2.42086086
324.03475000 1.20 0.30641314
393.54898100 1.00 -2.42086086
