1.72694400 0.85 -2.50341171
4.30433300 1.10 0.32397729
73.62689100 1.05 -2.50341171
76.15396300 0.95 -0.07633971
82.56696100 1.15 -2.50341171
85.29362500 0.95 0.02325229
87.87052300 1.05 2.70015029
90.54717600 0.85 5.17680329
159.26131500 1.10 -2.50341171
161.73828400 0.95 -0.17644271
164.01498000 1.20 2.35025329
233.23764900 1.20 -2.50341171
236.11489400 1.15 0.32383329
238.64171100 1.10 2.80065029
245.37135300 1.15 -2.50341171
248.10654900 1.00 0.08178429
254.86966500 1.15 -2.50341171
257.34604200 0.80 -0.37703471
259.47281700 1.10 2.04974029
262.29974300 1.05 4.82666629
269.02081700 0.85 -2.50341171
