332.23155600 1.20 -2.11173582
335.05855200 0.85 0.36526018
341.42987800 1.05 -2.11173582
344.00640700 0.80 0.21479318
350.12752200 1.00 -2.11173582
352.86260500 0.85 0.47334718
355.08934000 1.15 3.00008218
361.40210600 1.10 -2.11173582
364.17888100 0.95 0.51503918
432.99332100 1.20 -2.11173582
435.87050200 1.00 0.56544518
442.23314800 0.95 -2.11173582
444.86019700 1.10 0.66531318
447.48713600 1.20 3.39225218
453.95827900 1.15 -2.11173582
456.53494700 1.05 0.36493218
459.16177700 1.05 2.99176218
461.73871400 1.20 5.71869918
530.95280400 0.85 -2.11173582
533.12972100 0.85 0.06518118
539.75137300 1.20 -2.11173582
542.53662400 1.20 0.67351518
