211.61433600 0.85 -1.66908370
213.99139200 0.85 0.70797230
220.41282500 1.15 -1.66908370
223.24816000 1.15 1.16625130
292.36382000 0.90 -1.66908370
294.58898400 0.85 0.50608030
301.36061300 1.05 -1.66908370
304.14591000 1.05 1.11621330
306.87250700 0.80 3.59281030
375.78674200 0.95 -1.66908370
378.31394700 0.95 0.85812130
384.68526200 1.20 -1.66908370
387.26198200 1.20 0.90763630
389.89717600 1.15 3.49283030
396.72694600 1.15 -1.66908370
399.55390100 1.15 1.15787130
468.71799200 1.05 -1.66908370
471.14519600 1.15 0.85812030
540.45949700 1.10 -1.66908370
542.93642700 0.95 0.65784630
