265.18398900 0.85 -2.38581279
268.01148400 1.15 0.44168221
270.63825800 0.90 3.06845621
276.90923700 1.00 -2.38581279
279.83639700 1.20 0.54134721
282.46319000 1.20 3.16814021
288.87593900 0.95 -2.38581279
291.45274200 1.15 0.19099021
360.36679300 1.05 -2.38581279
362.95238100 1.10 0.19977521
369.16495000 1.10 -2.38581279
371.64173900 1.05 0.09097621
374.06838200 0.85 2.51761921
443.30775900 1.20 -2.38581279
446.13510900 1.10 0.44153721
452.34758500 0.85 -2.38581279
454.68267800 0.80 -0.05071979
456.96758500 0.85 2.23418721
459.55277400 1.15 4.81937621
466.23240300 1.15 -2.38581279
469.05937800 1.20 0.44116221
471.79461600 1.15 3.17640021
540.60854200 1.15 -2.38581279
543.18574000 1.05 0.19138521
