325.70154900 0.90 -2.50186954
328.27868400 0.80 -0.02473454
330.81398400 1.00 2.71056546
399.88638900 0.90 -2.50186954
402.31381100 1.20 0.22555246
409.12665300 1.05 -2.50186954
411.85358600 1.05 0.22506346
481.12593100 0.80 -2.50186954
483.60338400 1.10 0.27558346
486.33020300 1.05 2.95240246
489.10711200 0.95 5.62931146
495.92847200 0.95 -2.50186954
498.31358700 1.05 -0.01675454
504.57565900 0.95 -2.50186954
506.85240800 1.05 -0.12512054
513.12384000 1.05 -2.50186954
515.70056900 1.00 0.02485946
518.12710300 0.85 2.30139346
520.65420900 1.20 5.17849946
527.52539500 0.90 -2.50186954
529.80225200 1.20 0.07498746
532.72894200 0.90 2.70167746
539.44186200 0.80 -2.50186954
541.97727100 1.15 0.38353946
