1.57697600 1.00 -2.04536821
4.31273900 1.20 0.89039479
11.08405700 1.15 -2.04536821
13.96952700 1.20 0.89010179
16.50438400 1.05 3.27495879
85.36857700 1.15 -2.04536821
87.94556600 1.00 0.38162079
90.47217300 0.80 2.70822779
96.59306100 0.80 -2.04536821
98.96988900 0.95 0.48145979
167.79244900 1.15 -2.04536821
170.32790800 1.10 0.44009079
172.95445300 0.80 2.76663579
179.02562900 1.10 -2.04536821
181.81083000 1.00 0.63983279
187.63167700 1.20 -2.04536821
190.40848400 1.15 0.68143879
193.18522900 0.90 3.20818379
199.84838100 1.10 -2.04536821
