1.71902900 0.95 -1.68682572
4.09576500 1.05 0.78991028
10.65862500 1.05 -1.68682572
13.23554900 1.20 1.04009828
82.43297400 0.80 -1.68682572
84.71792000 0.80 0.59812028
86.99453600 0.90 2.97473628
93.20736900 1.10 -1.68682572
96.03436800 1.15 1.19017328
102.94723100 0.90 -1.68682572
105.57416000 1.00 1.04010328
174.42186800 1.15 -1.68682572
177.04870100 1.15 0.94000728
246.17144000 1.15 -1.68682572
248.95643100 0.80 0.74816528
251.44186700 1.20 3.63360128
257.75419300 0.90 -1.68682572
260.03070900 0.85 0.53969028
