330.80479700 1.00 -2.15264245
333.28154800 1.00 0.32410855
336.00819000 0.80 2.85075055
342.27123500 1.15 -2.15264245
344.94808500 1.15 0.52420755
347.82473000 0.85 3.10085255
350.10984300 0.95 5.48596555
356.93118600 0.90 -2.15264245
359.35784000 0.95 0.32401155
365.82054800 0.85 -2.15264245
368.24753400 1.15 0.57434355
370.97440700 1.15 3.30121655
440.09681800 0.80 -2.15264245
442.62388400 1.10 0.67442355
449.08657400 1.00 -2.15264245
451.61311800 0.80 0.17390155
520.20222300 1.00 -2.15264245
522.93788300 1.20 0.78301755
529.65901300 1.10 -2.15264245
532.48607600 1.20 0.77442055
539.09873700 0.95 -2.15264245
541.78394200 0.90 0.48256255
