1.71914800 1.10 -2.23880884
4.29565100 0.85 0.08769416
10.65846200 0.90 -2.23880884
13.28525500 1.20 0.68798416
19.89835100 1.05 -2.23880884
22.62532300 1.15 0.58816316
25.51039800 0.80 3.12323816
94.30821900 1.10 -2.23880884
97.13513900 1.05 0.53811116
103.84785900 0.80 -2.23880884
106.27495500 1.20 0.58828716
109.15169400 0.95 3.21502616
115.57310900 1.20 -2.23880884
118.24973800 1.05 0.28782016
120.87661000 1.10 2.96469216
123.40329100 1.05 5.44137316
129.61568900 0.80 -2.23880884
132.09257900 0.95 0.38808116
200.62342800 1.10 -2.23880884
