210.66270200 1.15 -1.97121890
213.23950300 1.10 0.60558210
282.17043900 1.05 -1.97121890
285.04743900 1.20 0.90578110
287.42409100 1.05 3.28243310
356.15490700 1.15 -1.97121890
358.78165300 0.90 0.65552710
361.30844500 1.05 3.18231910
367.62113000 0.90 -1.97121890
370.20632600 1.15 0.61397710
373.13332700 1.20 3.54097810
379.69609300 1.00 -1.97121890
382.02272700 1.00 0.35541510
451.10374400 0.85 -1.97121890
453.63057900 1.15 0.55561610
459.79307500 0.85 -1.97121890
462.31986100 1.00 0.55556710
464.89662000 0.95 3.13232610
533.78588200 0.95 -1.97121890
536.11254900 0.95 0.35544810
542.59209000 1.10 -1.97121890
