203.03484700 0.90 -2.41072770
205.65995200 1.10 0.41437730
208.38458100 0.85 2.88900630
214.74302000 1.20 -2.41072770
217.66751400 0.80 0.11376630
220.14239800 0.80 2.58865030
222.26747100 0.90 4.81372330
228.72538000 0.80 -2.41072770
231.20042100 0.90 0.16431330
300.12278900 0.95 -2.41072770
302.54763200 0.85 -0.08588470
304.82261200 0.95 2.28909530
307.24765800 1.05 4.81414130
376.27836200 1.15 -2.41072770
379.15317100 1.05 0.36408130
448.08366900 0.90 -2.41072770
450.35885300 1.15 0.11445630
519.43956000 1.20 -2.41072770
522.31427100 1.00 0.26398330
524.93927100 1.15 3.03898330
531.69740700 1.10 -2.41072770
534.22199100 0.90 -0.08614370
540.83019200 1.00 -2.41072770
