392.75267900 1.15 -2.31021564
395.62751500 1.10 0.51462036
401.78544200 0.95 -2.31021564
404.26048700 1.10 0.31482936
410.76835800 0.85 -2.31021564
413.29347100 1.10 0.46489736
415.91843500 1.20 3.18986136
422.92632500 1.00 -2.31021564
425.50139100 1.15 0.41485036
428.12617200 1.05 2.93963136
430.80095000 0.90 5.46440936
499.83997600 0.95 -2.31021564
502.51487200 0.95 0.36468036
504.98996300 1.15 3.03977136
511.49798000 1.10 -2.31021564
514.27291100 1.10 0.46471536
520.48099500 1.15 -2.31021564
523.05598000 1.20 0.31476936
530.06363900 0.80 -2.31021564
532.33887900 1.15 0.31502436
535.06373500 1.10 2.98988036
541.62157700 0.85 -2.31021564
