1.51767000 1.00 -2.45984000
4.24265200 1.05 0.31514200
6.81749200 0.90 2.73998200
13.57558900 0.95 -2.45984000
16.20056500 1.00 0.21513600
18.62558400 1.15 2.79015500
25.18371500 1.20 -2.45984000
27.75854100 1.10 0.01498600
34.26670400 1.20 -2.45984000
37.04142600 1.00 0.11488200
39.41649800 1.20 2.68995400
46.32431000 0.95 -2.45984000
48.99911200 0.85 0.11496200
51.32396600 0.80 2.38981600
53.64919300 1.15 5.06504300
122.95488200 1.10 -2.45984000
125.42982400 1.15 0.06510200
128.15460300 1.05 2.68988100
197.13515600 0.90 -2.45984000
199.76867500 1.20 0.47367900
269.09929900 1.15 -2.45984000
