1.47630200 1.10 -1.88151595
4.10109100 1.10 0.74327305
73.15656900 0.90 -1.88151595
75.73167400 1.10 0.89358905
78.40645800 1.00 3.46837305
84.91455600 1.00 -1.88151595
87.48940500 1.00 0.69333305
93.94767700 1.20 -1.88151595
96.62228600 0.90 0.49309305
102.83039800 0.90 -1.88151595
105.25568900 1.20 0.84377505
108.13020900 0.90 3.41829505
177.06913900 0.85 -1.88151595
179.39413600 0.95 0.54348105
185.75235500 1.05 -1.88151595
188.27698400 0.80 0.39311305
190.65201300 0.90 2.86814205
259.43270300 0.95 -1.88151595
261.75787900 1.20 0.69366005
