206.60266800 1.10 -2.20455109
209.14594900 1.00 0.23872991
215.43368600 1.00 -2.20455109
218.16068100 1.15 0.67244391
224.77364300 1.20 -2.20455109
227.60027700 0.90 0.32208291
229.82681400 0.90 2.54861991
299.05804100 1.00 -2.20455109
301.68477100 0.90 0.32217891
304.21159200 0.95 2.89899991
310.29061100 0.80 -2.20455109
312.81753200 0.95 0.47236991
381.86517100 0.90 -2.20455109
384.30047200 1.15 0.48074991
453.42306700 1.00 -2.20455109
456.09965300 0.80 0.27203491
458.52673700 1.15 3.04911891
527.66601500 1.00 -2.20455109
530.19266600 0.90 0.22209991
532.62791700 1.10 2.85735091
535.15474600 1.20 5.48417991
541.91731800 0.80 -2.20455109
