207.18628600 1.20 -2.02182805
210.01315800 1.10 0.70504395
212.48978600 1.00 3.08167195
281.42067600 0.95 -2.02182805
283.74737300 1.05 0.40486895
290.31037400 1.10 -2.02182805
292.73682200 0.95 0.25461995
295.36350500 0.85 2.78130295
297.74030200 0.95 5.25809995
304.20292600 0.85 -2.02182805
306.42970900 1.05 0.40495495
313.09252400 0.90 -2.02182805
315.71936900 0.90 0.60501695
318.24611300 0.95 3.18176095
387.49390000 0.90 -2.02182805
389.87049400 0.85 0.30476595
458.81016700 1.20 -2.02182805
461.38648300 0.80 0.15448795
529.76725200 0.95 -2.02182805
532.34403600 0.95 0.55495595
538.75695900 1.10 -2.02182805
541.33368900 1.05 0.50490195
