144.22903800 1.15 -1.91156614
146.80359100 0.80 0.31298686
148.97864100 0.95 2.63803686
217.51786400 1.15 -1.91156614
220.19268200 1.10 0.71325186
222.96765500 1.15 3.53822486
292.14831400 1.15 -1.91156614
295.02319400 1.15 0.96331386
301.33114600 1.00 -1.91156614
303.70597400 0.90 0.36326186
372.38681300 1.10 -1.91156614
375.16154500 0.90 0.66316586
444.25937300 1.20 -1.91156614
447.13376800 0.90 0.66282886
453.51700500 1.05 -1.91156614
456.19177100 0.95 0.66319986
458.53315000 0.80 2.85457886
464.69143500 0.95 -1.91156614
467.12461800 0.90 0.47161686
469.59943500 0.80 2.84643386
538.38043600 1.15 -1.91156614
540.95519700 1.00 0.51319486
