1.41757600 1.00 -1.73969422
4.10095600 1.20 1.14368578
10.86727700 1.15 -1.73969422
13.39195900 0.90 0.53498778
16.02550300 1.20 3.46853178
22.38350400 1.15 -1.73969422
24.95838300 1.20 0.88518478
31.61646200 1.10 -1.73969422
34.44130400 1.10 1.08514778
37.01593400 0.80 3.35977778
43.07424400 1.00 -1.73969422
45.79891800 0.80 0.78497978
114.64665200 1.20 -1.73969422
117.37122300 0.90 0.68487678
186.21043500 1.10 -1.73969422
189.03544700 1.20 1.18531778
195.59336300 1.05 -1.73969422
198.21812100 0.95 0.78506378
