1.61875500 0.95 -2.26030438
3.94570700 1.10 0.21664762
6.77259700 1.05 2.99353762
13.18524600 0.95 -2.26030438
15.61192000 0.95 0.16636962
84.51777000 1.00 -2.26030438
86.89447700 0.90 0.01640262
89.32114100 0.90 2.44306662
158.35242600 1.15 -2.26030438
160.92891700 0.80 -0.03381338
167.39205400 1.20 -2.26030438
170.26904100 1.20 0.61668262
173.14563800 0.80 3.09327962
241.63503900 1.20 -2.26030438
244.51168800 0.85 0.26634462
246.78822800 0.80 2.49288462
249.12351000 1.10 5.12816662
256.03659100 1.10 -2.26030438
258.71331200 1.05 0.36641662
327.53602000 1.15 -2.26030438
330.16277400 1.10 0.31644962
