271.94081700 1.15 -1.97726871
274.46554800 0.85 0.24746229
276.79024400 0.80 2.52215829
279.31555500 1.20 5.44746929
348.54605700 1.05 -1.97726871
350.92080500 0.90 0.24747929
353.14587100 1.05 2.62254529
359.70389600 1.00 -1.97726871
362.22886500 1.05 0.59770029
431.15932800 0.90 -1.97726871
433.73445900 1.10 0.79786229
440.14249200 1.00 -1.97726871
442.81746900 1.10 0.79770829
511.84822800 1.20 -1.97726871
514.52301000 1.10 0.59751329
521.23109200 1.10 -1.97726871
523.80568100 0.85 0.34732029
526.18068800 0.90 2.77232729
532.18887400 0.95 -1.97726871
534.71401500 1.20 0.79787229
541.17198800 1.10 -1.97726871
