1.46748500 0.85 -2.25825367
3.94245200 0.80 0.16671333
10.20084900 1.10 -2.25825367
12.67569900 1.10 0.21659633
15.10062700 1.05 2.59152433
21.25856900 0.90 -2.25825367
23.73348600 0.95 0.26666333
29.89171100 1.05 -2.25825367
32.51635400 0.85 0.16638933
35.09136800 0.95 2.84140333
41.79947400 1.10 -2.25825367
44.57427900 0.85 0.26655133
46.74916900 0.80 2.39144133
49.17409000 0.85 4.86636233
118.11304800 0.90 -2.25825367
120.58831700 1.20 0.51701533
123.16318100 1.15 3.04187933
192.13551300 1.20 -2.25825367
194.71048800 1.20 0.31672133
201.41833400 1.00 -2.25825367
203.89335600 1.20 0.41676833
