1.46794800 1.15 -1.69754156
4.09252900 0.80 0.57703944
73.08998100 0.90 -1.69754156
75.71500600 1.00 1.02748344
78.33968600 0.85 3.50216344
84.74795300 1.00 -1.69754156
87.27284800 1.00 0.82735344
156.11212700 1.20 -1.69754156
159.03682700 1.05 1.07715844
228.37630700 1.15 -1.69754156
230.95074300 1.00 0.72689444
237.60901500 1.20 -1.69754156
240.28369200 1.00 0.77713544
309.17293800 1.20 -1.69754156
311.84811300 1.15 0.92763344
314.58074700 0.90 3.41026744
321.13883000 1.05 -1.69754156
323.71357500 0.90 0.72720344
