203.61851300 1.15 -2.44986191
206.24337400 1.20 0.22499909
209.01815500 1.10 2.89978009
211.49302500 1.05 5.32465009
217.90127400 1.20 -2.44986191
220.57593200 1.00 0.02479609
223.10095500 1.10 2.64981909
229.90887800 0.95 -2.44986191
232.43395900 1.15 0.27521909
301.41468300 1.20 -2.44986191
304.23954500 1.15 0.32500009
306.71408500 0.80 2.44954009
309.23909200 0.90 5.07454709
315.49717400 0.90 -2.44986191
317.97226800 1.10 0.22523209
386.89432600 0.80 -2.44986191
389.16940700 1.00 0.02521909
458.25821900 0.80 -2.44986191
460.43349500 1.20 0.12541409
529.75585900 1.20 -2.44986191
532.28054300 1.00 -0.12517791
534.95544000 1.00 2.54971909
541.61332400 0.80 -2.44986191
