1.56772300 1.00 -2.00547806
4.29279000 1.15 0.86958894
73.33172500 1.15 -2.00547806
76.10663700 1.10 0.71943394
82.41453900 0.95 -2.00547806
85.08944300 0.95 0.66942594
87.51443000 1.05 3.19441294
90.08929200 1.00 5.71927494
96.54755400 1.15 -2.00547806
99.22243000 1.15 0.66939794
105.83025300 0.90 -2.00547806
108.10511200 0.85 0.21938094
114.31330900 0.95 -2.00547806
116.83805500 0.80 0.36926794
119.36302200 0.85 2.94423494
187.96053300 1.00 -2.00547806
190.63541700 1.00 0.66940594
259.80756800 0.80 -2.00547806
