204.85169300 1.20 -2.27053665
207.52648400 1.10 0.30425435
210.05119400 0.85 2.57896435
212.22621500 0.90 4.80398535
218.88415900 0.85 -2.27053665
221.35937700 1.15 0.50468135
228.11736700 1.05 -2.27053665
230.64224400 1.05 0.25434035
299.73966600 1.15 -2.27053665
302.56422900 0.80 0.20402635
304.68932300 1.00 2.52912035
307.26415100 0.95 5.05394835
376.05292800 1.00 -2.27053665
378.42825600 1.10 0.20479135
447.45869200 0.95 -2.27053665
449.73356600 0.90 -0.04566265
456.14165300 0.95 -2.27053665
458.81672000 1.05 0.50453035
527.54726300 0.95 -2.27053665
530.22220900 1.10 0.55440935
532.74699200 0.85 2.82919235
538.70530200 1.10 -2.27053665
541.28008700 0.95 0.15424835
