1.51882100 0.90 -1.94739600
3.84570800 1.20 0.67949100
73.00161200 0.95 -1.94739600
75.68711700 1.20 0.98810900
78.21354900 1.00 3.31454100
84.64280300 0.80 -1.94739600
86.91974900 1.15 0.67955000
93.38261000 1.20 -1.94739600
96.30922900 0.80 0.57922300
102.32210200 1.20 -1.94739600
105.24899200 1.05 0.82949400
174.38028500 1.20 -1.94739600
177.25715700 1.10 0.82947600
179.93405300 1.15 3.55637200
186.55525600 1.10 -1.94739600
189.08165700 0.80 0.27900500
191.61702100 0.95 2.96436900
197.83815400 1.20 -1.94739600
200.71508800 1.15 0.87953800
