269.41606900 1.15 -2.28738382
272.24085100 1.20 0.53739818
274.76558200 0.90 3.06212918
277.39069100 0.90 5.68723818
283.39854300 0.85 -2.28738382
285.92341800 0.80 0.23749118
292.38179200 1.10 -2.28738382
295.20670200 1.10 0.53752618
298.03156100 1.10 3.36238518
304.33948000 0.90 -2.28738382
306.96450600 1.10 0.33764218
309.33915300 0.80 2.71228918
378.22828700 0.80 -2.28738382
380.80345700 1.15 0.28778618
449.84239600 1.10 -2.28738382
452.16708600 0.85 0.03730618
458.77547600 1.15 -2.28738382
461.55046700 1.05 0.48760718
464.07491400 0.80 3.01205418
532.81404500 0.95 -2.28738382
535.38903000 0.95 0.28760118
542.24713900 1.10 -2.28738382
