1.41770800 0.95 -1.73884150
4.04298200 1.20 1.13643250
73.25685100 1.20 -1.73884150
76.13130700 0.80 0.73561450
78.65651300 1.10 3.56082050
148.00358700 0.80 -1.73884150
150.12867200 1.00 0.58624350
219.25944600 1.15 -1.73884150
222.03432700 1.15 1.03603950
228.04198900 0.80 -1.73884150
230.46706400 0.95 0.83623350
236.97524100 0.95 -1.73884150
239.50031000 1.10 0.93622750
242.22491300 0.80 3.36083050
311.13068500 1.00 -1.73884150
313.85571700 0.85 0.83619050
320.56372800 0.95 -1.73884150
323.08866900 1.05 0.88609950
