263.46591300 1.10 -2.63399120
265.74073700 0.90 -0.35916720
268.16580400 1.05 2.06589980
270.89078700 1.15 4.79088280
276.89853400 0.80 -2.63399120
279.37343500 0.80 -0.15909020
285.98173400 1.00 -2.63399120
288.60657100 0.95 -0.00915420
357.49536900 0.80 -2.63399120
360.02038400 0.95 -0.10897620
362.69562700 1.20 2.56626680
365.02015800 0.85 4.89079780
370.97825700 0.85 -2.63399120
373.25321600 0.90 -0.35903220
375.82819100 0.95 2.21594280
378.35326700 1.15 4.74101880
447.23366900 0.90 -2.63399120
450.10888000 1.20 0.24121980
452.88372800 1.15 3.01606780
459.39988000 0.85 -2.63399120
461.97496300 1.10 -0.05890820
468.43301200 1.05 -2.63399120
471.30805100 1.20 0.24104780
540.13823300 0.80 -2.63399120
542.76332900 0.90 -0.00889520
