1.52626500 1.05 -2.21866970
3.90110200 1.05 0.15616730
6.62594200 1.00 2.83100730
13.19247200 1.05 -2.21866970
15.96747300 1.20 0.70633130
85.13139300 1.15 -2.21866970
87.85611500 0.95 0.30605230
90.33092500 0.90 2.73086230
96.78905700 0.90 -2.21866970
99.26407700 1.05 0.40635030
102.03892900 1.20 3.33120230
104.61380700 1.00 5.70608030
173.80268600 0.85 -2.21866970
176.17779000 1.10 0.40643430
182.68591700 1.10 -2.21866970
185.36053700 0.85 0.20595030
254.44946300 0.80 -2.21866970
256.97463500 1.05 0.55650230
263.08271200 1.05 -2.21866970
265.55779900 1.20 0.40641730
