216.30815800 0.80 -1.46681816
218.83504300 1.05 1.06006684
287.47400200 0.85 -1.46681816
290.00084600 1.15 1.06002584
359.13194300 1.20 -1.46681816
362.00893000 1.15 1.41016884
368.67183600 1.10 -1.46681816
371.14856600 1.05 1.00991184
373.82545800 1.20 3.68680384
442.56455600 1.05 -1.46681816
444.94117900 1.05 0.90980484
451.60415700 1.20 -1.46681816
454.23928800 0.90 1.16831284
460.56029500 1.05 -1.46681816
463.04539600 1.00 1.01828284
532.12639500 1.15 -1.46681816
534.50295800 0.80 0.90974484
540.61555500 0.95 -1.46681816
543.05061400 0.85 0.96824084
