1.62618500 1.10 -2.59868995
4.20113200 1.00 -0.12374295
10.56755400 1.15 -2.59868995
13.04222800 1.00 -0.27401595
19.60047100 1.10 -2.59868995
22.27548000 1.20 0.17631905
25.10032700 1.15 2.95116605
27.67524300 1.15 5.52608205
34.03323900 1.05 -2.59868995
36.40825800 1.20 -0.07367095
39.33280100 0.85 2.50087205
41.90792700 1.05 5.27599805
47.96615800 1.20 -2.59868995
50.74082700 0.95 -0.07402095
53.36594400 1.15 2.75109605
122.31307500 0.90 -2.59868995
124.83813500 1.05 0.07637005
193.76877000 0.95 -2.59868995
196.24354300 0.85 -0.22391695
198.76844400 0.85 2.30098405
267.74915100 0.80 -2.59868995
