209.53771100 1.05 -1.81041043
212.26444400 0.90 0.76632257
218.52727500 1.05 -1.81041043
220.95392500 1.05 0.61623957
223.58069300 1.00 3.19300757
292.23646400 1.00 -1.81041043
294.91326000 1.00 0.86638557
363.57727100 0.90 -1.81041043
366.21281300 1.20 1.12513157
373.32589300 1.05 -1.81041043
375.85236300 0.80 0.46605957
378.02906600 1.00 2.84276257
446.76010200 1.20 -1.81041043
449.43677600 1.05 0.71626357
455.64928900 0.95 -1.81041043
457.97610500 1.15 0.71640557
527.10687900 1.10 -1.81041043
529.63395000 1.15 0.76666057
532.46091900 1.20 3.64362957
539.22360500 1.10 -1.81041043
541.75884100 0.95 0.57482557
