325.28039300 1.20 -2.34572792
328.05510000 1.05 0.27897908
330.72977600 0.80 2.70365508
399.21076900 1.10 -2.34572792
401.73548600 0.85 -0.07101092
470.57446300 0.85 -2.34572792
473.14965000 1.10 0.47945908
475.77449100 1.05 3.05430008
481.93254900 1.00 -2.34572792
484.35752800 1.15 0.22925108
487.13243100 1.15 3.00415408
493.54063400 1.20 -2.34572792
496.46525100 0.95 0.32888908
503.17361200 1.20 -2.34572792
505.89811200 0.80 -0.02122792
508.17325400 1.05 2.50391408
510.64827600 1.15 5.07893608
517.45624500 1.05 -2.34572792
520.03127200 1.20 0.37929908
527.08903900 0.90 -2.34572792
529.41418700 1.10 0.17942008
531.98884500 0.90 2.55407808
538.64698000 0.95 -2.34572792
541.17216300 1.20 0.42945508
