272.89099300 0.95 -1.84745035
275.41576000 0.90 0.62731665
278.04091700 1.15 3.50247365
280.91584900 1.20 6.42740565
349.88820400 1.20 -1.84745035
352.81305500 1.10 0.97740065
421.99376000 1.10 -1.84745035
424.81874600 1.20 1.07753565
431.52646700 0.80 -1.84745035
433.70154700 0.95 0.47762965
440.20954400 0.90 -1.84745035
442.68454500 1.00 0.72755065
449.19258600 0.95 -1.84745035
451.76734200 0.80 0.57730565
520.44813700 1.00 -1.84745035
522.77319600 1.00 0.47760865
529.38109600 0.85 -1.84745035
531.95607800 1.00 0.87753165
538.11440500 1.10 -1.84745035
540.78915000 1.15 0.87729465
