1.31870300 0.95 -2.50507370
3.79542000 1.00 0.02164330
72.57613200 0.80 -2.50507370
74.75292400 1.10 -0.02828170
81.06553900 1.00 -2.50507370
83.59211500 0.85 -0.12849770
90.20537800 1.20 -2.50507370
92.88215800 1.15 0.12170630
95.70881800 0.85 2.64836630
102.47182900 0.85 -2.50507370
104.99862200 0.90 0.07171930
110.91967300 1.20 -2.50507370
113.79650700 1.05 0.22176030
116.47358400 1.20 3.04883730
119.20035400 1.15 5.72560730
125.56271700 0.80 -2.50507370
127.99791000 0.90 0.03011930
130.63335200 1.20 2.96556130
133.30983900 0.90 5.34204830
139.78126200 1.20 -2.50507370
