2.56789300 1.20 -2.01381433
5.14282200 1.20 0.56111467
11.30049800 0.80 -2.01381433
14.07572500 1.10 0.76141267
20.48396300 1.20 -2.01381433
23.25883100 1.20 0.76105367
29.96692200 1.20 -2.01381433
32.29148500 0.90 0.31074867
39.14967400 1.15 -2.01381433
41.72453500 0.95 0.56104667
44.59967500 1.20 3.43618667
47.02437400 1.00 5.86088567
116.06345200 1.20 -2.01381433
118.48834300 1.00 0.41107667
121.01334100 1.10 2.93607467
127.47129000 1.00 -2.01381433
129.99601900 0.80 0.51091467
136.30426900 0.95 -2.01381433
