2.87769700 1.20 -2.10747233
5.70447700 1.20 0.71930767
8.48148900 1.15 3.49631967
14.59387600 0.80 -2.10747233
17.32080400 1.00 0.61945567
86.56862800 0.95 -2.10747233
89.24554900 1.10 0.56944867
95.86681300 1.05 -2.10747233
98.54360000 1.00 0.56931467
101.32054200 1.10 3.34625667
103.74713500 1.05 5.77284967
172.36951800 0.85 -2.10747233
175.29665200 1.20 0.81966167
182.11801500 1.10 -2.10747233
184.79483000 1.10 0.56934267
253.36698500 0.95 -2.10747233
255.85227900 0.95 0.37782167
262.27338300 1.20 -2.10747233
