201.14012600 0.90 -2.72947317
203.51740400 1.10 -0.15219517
205.94395900 1.00 2.17435983
208.62103900 1.20 5.05143983
277.89368200 1.20 -2.72947317
280.42922100 1.20 -0.19393417
283.16442300 1.15 2.49126783
285.64091300 1.00 4.81775783
354.56530500 1.20 -2.72947317
357.34891500 0.90 -0.24586317
363.82006800 0.90 -2.72947317
366.40510100 0.80 -0.24444017
435.17743900 0.85 -2.72947317
437.66317900 1.10 0.00626683
440.39844200 1.15 2.79152983
443.13365900 1.10 5.47674683
512.14773800 1.10 -2.72947317
514.83339700 1.15 0.00618583
517.41025300 1.20 2.63304183
523.83136900 1.15 -2.72947317
526.51641600 1.10 -0.09442617
533.17927300 0.95 -2.72947317
535.85626700 1.05 0.04752083
542.12738700 1.20 -2.72947317
