325.73525900 1.20 -2.48412746
328.52092700 1.20 0.30154054
331.35593100 0.90 2.83654454
337.87738100 1.15 -2.48412746
340.66228700 0.80 -0.04922146
409.43468700 0.90 -2.48412746
411.86170000 0.85 -0.10711446
414.29714600 1.20 2.67833154
417.08236000 1.20 5.46354554
423.99545200 1.15 -2.48412746
426.57222400 1.15 0.09264454
429.45740100 1.05 2.87782154
432.08405200 0.80 5.25447254
438.64693600 0.80 -2.48412746
440.98228300 1.20 0.25121954
447.89511000 0.90 -2.48412746
450.33020900 0.95 0.00097154
519.35281400 1.10 -2.48412746
522.02992500 0.95 0.04298354
524.40675100 1.15 2.61980954
530.91954600 1.10 -2.48412746
533.49645300 1.20 0.19277954
540.05917600 1.00 -2.48412746
542.59412200 0.85 -0.09918146
