1.72724200 1.15 -1.81286089
4.45444400 1.10 0.86434111
11.37592000 1.10 -1.81286089
14.15288200 1.15 1.01410111
20.82420600 1.10 -1.81286089
23.50908400 0.80 0.57201711
29.88887200 1.20 -1.81286089
32.41550900 1.10 0.61377611
35.10039800 0.80 2.99866511
37.27711700 1.00 5.37538411
106.28266600 0.90 -1.81286089
108.86860200 1.20 1.07307511
115.63979300 1.00 -1.81286089
118.06647100 1.00 0.61381711
124.43741900 0.85 -1.81286089
126.81412700 0.90 0.61384711
133.12711400 1.20 -1.81286089
136.00383800 0.90 0.76386311
