1.67677000 0.85 -2.20250490
4.06224800 0.85 0.18297310
10.34196200 1.20 -2.20250490
13.06857200 0.90 0.22410510
19.58967500 0.85 -2.20250490
22.06661800 1.05 0.47443810
91.18893900 0.90 -2.20250490
93.66636400 1.15 0.52492010
96.14304500 1.10 2.95160110
165.57404300 1.05 -2.20250490
168.15116300 0.95 0.27461510
170.82822000 1.10 3.10167210
173.56321600 0.90 5.63666810
180.22611500 0.85 -2.20250490
182.66147300 1.20 0.58285310
185.38815200 1.00 3.10953210
191.85945600 1.15 -2.20250490
194.63604000 0.80 0.22407910
200.84894300 1.10 -2.20250490
203.33403000 1.15 0.33258210
