1.56781600 1.05 -2.28240965
3.94244100 0.85 -0.10778465
6.21770700 1.15 2.46748135
12.87544700 0.80 -2.28240965
15.15070700 1.20 0.39285035
17.72553200 1.10 2.86767535
24.08347000 0.95 -2.28240965
26.45843100 1.00 0.14255135
33.01700400 1.20 -2.28240965
35.54156900 1.15 0.19215535
104.54708300 0.95 -2.28240965
107.17219800 1.20 0.59270535
109.99671600 0.80 3.01722335
112.32165500 0.85 5.39216235
181.00238500 0.85 -2.28240965
183.52733700 0.95 0.34254235
186.00209100 0.80 2.66729635
192.56054700 1.15 -2.28240965
195.23537500 1.05 0.29241835
264.28282300 1.20 -2.28240965
