207.05165100 1.00 -1.97725477
209.72646200 1.15 0.84755623
216.53465400 1.20 -1.97725477
219.15942000 0.90 0.34751123
221.53467000 1.20 3.02276123
227.94253300 0.95 -1.97725477
230.56742100 1.00 0.69763323
233.29221900 0.90 3.32243123
301.97294000 0.90 -1.97725477
304.49809300 0.90 0.54789823
306.97298400 1.15 3.27278923
313.78913300 0.85 -1.97725477
316.22246800 0.95 0.55608023
318.89753200 1.10 3.38114423
387.86156800 0.90 -1.97725477
390.19469100 1.10 0.55586823
458.88365000 0.95 -1.97725477
461.15880900 1.20 0.54790423
530.38922800 0.95 -1.97725477
532.66404900 0.80 0.14756623
538.77208000 0.80 -1.97725477
540.89748400 1.20 0.54814923
