201.48227900 0.95 -2.55785146
204.11773400 0.80 -0.07239646
210.59759800 1.15 -2.55785146
213.22438800 1.15 0.06893854
215.90100100 0.95 2.54555154
222.36396800 1.05 -2.55785146
224.79914000 1.15 -0.02267946
227.48412200 1.00 2.51230254
296.65653400 0.80 -2.55785146
298.94198000 0.85 -0.22240546
301.51872000 0.85 2.35433454
370.64123700 0.80 -2.55785146
372.86813200 0.85 -0.28095646
375.29494400 0.90 2.19585554
377.62182300 1.15 4.77273454
384.69344500 1.20 -2.55785146
387.52871400 1.20 0.27741754
457.00153500 1.15 -2.55785146
459.72873500 1.10 0.11934854
462.56413000 1.15 3.00474354
465.44938200 1.05 5.78999554
534.21298800 0.80 -2.55785146
536.44871800 1.10 -0.02212146
542.71976000 1.15 -2.55785146
