211.71457900 1.15 -1.97191240
214.40016400 1.15 0.71367260
283.41424300 1.05 -1.97191240
285.89953400 0.80 0.26337860
354.87194800 0.80 -1.97191240
357.34927400 1.00 0.70541360
364.21248400 1.10 -1.97191240
366.93934000 1.10 0.75494360
369.71625300 1.10 3.53185660
438.93036600 0.90 -1.97191240
441.25776700 1.20 0.65548860
447.97024500 1.10 -1.97191240
450.74754600 1.10 0.80538860
457.10994700 0.80 -1.97191240
459.33694900 1.20 0.65508960
462.27206600 0.90 3.29020660
464.74872800 0.90 5.76686860
471.16975600 0.80 -1.97191240
473.44657300 1.10 0.60490460
542.85263600 1.00 -1.97191240
