266.76084800 1.20 -2.28275452
269.38767800 1.20 0.34407548
338.27693700 1.20 -2.28275452
341.00356700 1.00 0.24387548
410.03479600 1.15 -2.28275452
412.81172800 1.10 0.44417748
415.47178200 1.05 3.05423148
421.58416200 0.85 -2.28275452
424.01090300 0.95 0.24398648
426.49618500 1.10 2.87926848
495.64386100 1.05 -2.28275452
498.12898400 1.05 0.20236848
500.75565400 1.00 2.77903848
503.38273700 1.20 5.60612148
509.94516100 1.05 -2.28275452
512.37218400 1.15 0.24426848
519.19352200 1.05 -2.28275452
521.92036700 1.05 0.44409048
528.53318500 0.90 -2.28275452
530.85986700 1.05 0.19392748
533.83702300 1.20 3.32108348
540.29957400 0.85 -2.28275452
542.87660600 1.10 0.54427748
