1.71920300 1.15 -2.35160760
4.24554800 0.80 -0.17526260
6.62242600 1.05 2.45161540
13.08524200 1.05 -2.35160760
15.61216600 1.20 0.32531640
18.43890500 1.00 2.95205540
87.33670800 1.20 -2.35160760
90.17206100 1.20 0.48374540
93.04871100 0.95 3.11039540
95.52554500 1.05 5.68722940
101.79667200 1.15 -2.35160760
104.62364300 1.20 0.52536340
110.99454100 0.95 -2.35160760
113.57971700 1.00 0.28356840
182.46916300 1.20 -2.35160760
185.04578200 1.10 0.12501140
191.25844600 1.15 -2.35160760
193.79358500 1.15 0.18353140
196.62034500 1.00 2.86029140
202.98300500 1.00 -2.35160760
