268.09449100 0.80 -2.37095773
270.37105500 0.80 -0.09439373
339.35226800 1.10 -2.37095773
342.07918700 1.05 0.30596127
348.64218800 1.15 -2.37095773
351.46885300 0.90 0.20570727
353.85412000 1.15 2.84097427
356.53078400 1.00 5.36763827
425.51993300 0.85 -2.37095773
427.99688000 1.05 0.30598927
430.77374200 1.00 3.03285127
499.60447300 0.80 -2.37095773
501.83096100 0.80 -0.14446973
508.45221100 0.80 -2.37095773
510.68730800 0.95 0.01413927
517.45879300 1.20 -2.37095773
520.38580000 1.15 0.50604927
523.26271300 1.05 3.28296227
525.68923300 0.95 5.60948227
532.21043300 0.90 -2.37095773
534.53711900 1.05 0.10572827
541.20853900 1.15 -2.37095773
