1.42699500 1.20 -2.12220526
3.96224500 0.95 0.16304474
73.03479600 0.95 -2.12220526
75.72050200 1.05 0.66350074
82.28326100 0.90 -2.12220526
84.71823300 0.80 0.21276674
153.73278700 1.20 -2.12220526
156.31797100 0.90 0.16297874
158.59466900 1.00 2.53967674
165.17434100 1.10 -2.12220526
167.80942000 0.95 0.36287374
170.48629900 1.05 3.13975274
173.27169300 1.15 6.02514674
242.42737300 0.90 -2.12220526
244.86283400 0.85 0.26325574
247.28977900 1.20 3.04020074
253.61911400 1.05 -2.12220526
256.24576400 0.95 0.40444474
262.65881800 1.20 -2.12220526
