2.57622500 1.10 -2.28235195
5.00093100 0.90 0.14235405
73.64817400 0.85 -2.28235195
76.17344200 1.20 0.24291605
78.99826600 1.10 3.06774005
148.27058100 1.15 -2.28235195
150.64536700 1.00 0.09243405
153.37031600 1.05 2.81738305
159.97849900 1.20 -2.28235195
162.75322200 1.05 0.49237105
169.16168300 1.05 -2.28235195
171.28604400 0.80 -0.15799095
174.21130600 1.20 2.76727105
181.01930400 1.10 -2.28235195
183.64406800 1.00 0.34241205
186.11883200 0.85 2.81717605
188.54382000 0.95 5.24216405
257.63285100 1.00 -2.28235195
260.30778800 1.00 0.39258505
266.76585600 1.00 -2.28235195
