270.66586900 1.20 -1.99040467
273.54073400 1.15 0.83446033
276.01562400 1.10 3.25935033
278.79046600 1.00 5.93419233
285.60642100 0.80 -1.99040467
287.88193600 1.20 0.68511033
357.11259700 1.20 -1.99040467
359.78747000 1.20 0.68446833
428.82616800 0.90 -1.99040467
431.35125800 1.05 0.68468533
434.02587600 0.80 3.10930333
502.39013600 1.05 -1.99040467
505.11477300 0.80 0.48423233
511.57323400 1.20 -1.99040467
514.29813800 1.20 0.73449933
521.00593600 0.90 -1.99040467
523.38099500 1.05 0.53465433
529.58924000 1.20 -1.99040467
532.21397900 1.00 0.43433433
538.77219700 1.15 -1.99040467
541.44695300 1.00 0.53435133
