1.57692800 1.00 -2.46203200
4.31257600 1.15 0.42361600
73.79388300 1.15 -2.46203200
76.37101400 1.10 0.06509900
78.99758300 0.85 2.44166800
81.37438000 1.00 4.96846500
88.13761000 1.20 -2.46203200
91.02274900 1.00 0.22310700
93.64935800 0.80 2.64971600
162.52192500 0.95 -2.46203200
165.04911100 0.95 0.06515400
167.43413000 0.95 2.45017300
236.65676300 0.95 -2.46203200
238.98366900 0.80 -0.28512600
241.11055800 1.20 2.24176300
247.74011200 1.20 -2.46203200
250.67507500 0.80 0.07293100
253.05185500 0.95 2.59971100
321.72414300 0.95 -2.46203200
324.10104700 0.80 -0.23512800
326.23616300 1.05 2.14998800
332.75660500 0.85 -2.46203200
334.98375600 0.95 -0.13488100
