1.36878800 1.15 -2.48588200
4.04558400 0.90 -0.05908600
10.56708000 1.20 -2.48588200
13.34385600 1.15 0.24089400
15.87047000 1.00 2.61750800
18.29715800 1.00 5.04419600
25.01866300 1.20 -2.48588200
27.59531900 1.10 -0.00922600
33.70800700 1.20 -2.48588200
36.48460800 0.90 -0.00928100
39.01153300 1.05 2.66764400
107.65903500 1.10 -2.48588200
110.43599800 1.20 0.39108100
117.04847400 0.80 -2.48588200
119.52562200 1.20 0.39126600
122.25215800 0.85 2.76780200
124.63751000 1.20 5.50315400
130.94993600 0.95 -2.48588200
133.57692200 1.15 0.34110400
202.88307900 1.15 -2.48588200
