268.51156600 0.90 -2.34062495
270.98814200 0.80 0.03595105
339.87766500 1.05 -2.34062495
342.25431400 1.20 0.18602405
345.03112300 0.95 2.71283305
351.55232500 1.00 -2.34062495
353.87895300 1.00 -0.01399695
360.09150900 0.95 -2.34062495
362.51831100 1.05 0.18617705
365.29523200 1.05 2.96309805
367.67199600 1.20 5.48986205
374.28493900 1.20 -2.34062495
377.07006100 1.00 0.24449705
445.99272100 1.15 -2.34062495
448.76963600 1.15 0.43629005
451.59635500 0.90 3.01300905
454.12321200 1.00 5.63986605
460.43605700 1.20 -2.34062495
462.96272400 1.10 0.08604205
532.19385300 1.05 -2.34062495
534.87045000 0.80 0.08597205
541.29181500 1.00 -2.34062495
