1.51858700 0.85 -2.00512911
4.09586300 1.15 0.87214689
10.75865100 1.10 -2.00512911
13.18519000 0.90 0.22140989
19.80662100 1.15 -2.00512911
22.58351300 1.05 0.67176289
25.26015100 0.85 3.14840089
27.43670700 0.90 5.37495689
33.84947300 0.90 -2.00512911
36.43460800 0.90 0.58000589
38.96137500 0.95 3.15677289
45.47447000 1.20 -2.00512911
48.25128700 1.10 0.67168789
117.33195700 1.00 -2.00512911
119.95916900 1.10 0.72208289
126.87194400 0.80 -2.00512911
129.09887900 1.20 0.62180589
198.45484600 0.90 -2.00512911
