269.84517100 0.90 -2.11586273
272.43034800 0.90 0.46931427
278.84313700 1.10 -2.11586273
281.62002500 1.05 0.66102527
284.14682100 1.15 3.18782127
290.80962200 0.80 -2.11586273
293.38644700 1.00 0.46096227
295.51287500 0.80 2.58739027
302.17593800 1.20 -2.11586273
305.00287700 1.10 0.71107627
307.77980300 1.15 3.48800227
309.95619100 0.80 5.66439027
379.05393200 0.85 -2.11586273
381.58074200 1.10 0.41094727
450.82001500 1.15 -2.11586273
452.99665300 0.80 0.06077527
459.65962900 0.95 -2.11586273
462.24487300 1.10 0.46938127
469.10794000 1.20 -2.11586273
471.63457600 0.95 0.41077327
540.28202600 1.05 -2.11586273
542.85879400 1.10 0.46090527
