1.37616500 1.00 -2.70785336
3.85099900 1.00 -0.23301936
6.57577600 0.90 2.39175764
8.85102700 1.20 4.96700864
77.88984000 1.10 -2.70785336
80.56461100 0.90 -0.23308236
87.02284700 1.05 -2.70785336
89.79769600 1.05 0.06699564
92.52264700 1.10 2.84194664
94.94749000 1.05 5.21678964
101.90568200 1.15 -2.70785336
104.73047800 1.05 0.01694264
111.23851900 1.05 -2.70785336
113.76337800 1.00 -0.23299436
182.65248100 1.15 -2.70785336
185.27736900 1.15 -0.08296536
254.05777700 0.85 -2.70785336
256.23283500 1.00 -0.38279536
258.90798100 1.20 2.49235064
261.78242500 0.85 5.01679464
268.14077100 1.05 -2.70785336
270.61572200 1.10 -0.18290236
