208.90110600 1.00 -1.98332657
211.42621800 0.95 0.49178543
213.75094500 1.00 2.86651243
220.35889600 0.90 -1.98332657
222.88385000 0.95 0.59162743
229.29203000 1.10 -1.98332657
231.86707700 1.20 0.69172043
301.20599600 1.15 -1.98332657
303.88091500 1.15 0.69159243
306.50567500 1.05 3.21635243
375.52801700 1.05 -1.98332657
378.10303200 1.15 0.69168843
380.62780700 1.00 3.06646343
449.15831200 0.85 -1.98332657
451.73351700 1.15 0.89187843
458.54123500 0.80 -1.98332657
461.01653800 1.20 0.89197643
463.64110800 0.80 3.11654643
531.97179800 0.90 -1.98332657
534.44692000 1.05 0.64179543
541.41322900 1.05 -1.98332657
