331.02996400 0.95 -1.99874641
333.52168100 1.10 0.64297059
339.82986600 1.20 -1.99874641
342.51290600 1.00 0.48429359
344.98774500 0.95 2.90913259
351.40430100 1.05 -1.99874641
353.83759500 1.15 0.53454759
356.41231500 0.95 2.90926759
362.87867800 0.90 -1.99874641
365.50385600 1.20 0.92643159
372.51188300 1.15 -1.99874641
375.38662000 1.00 0.72599059
378.11171800 1.20 3.65108859
447.00062400 1.20 -1.99874641
449.82550500 1.10 0.72613459
455.98370500 1.20 -1.99874641
458.75860700 1.20 0.77615559
461.33324400 0.95 3.10079259
530.41417100 1.20 -1.99874641
533.13870000 0.85 0.37578259
539.40517300 0.90 -1.99874641
541.73004900 0.80 0.22612959
