1.31792700 1.10 -2.47617645
4.09273300 1.05 0.24862955
10.55079000 1.00 -2.47617645
13.07581700 1.15 0.19885055
15.90042700 0.85 2.72346055
84.70618800 0.95 -2.47617645
87.18125400 1.15 0.19888955
93.39740600 0.85 -2.47617645
95.82232600 0.90 -0.00125645
164.81140900 1.10 -2.47617645
167.43634900 1.00 0.04876355
173.94449800 1.10 -2.47617645
176.66923200 1.00 0.14855755
179.39445000 1.20 3.07377555
182.11903400 0.95 5.54835955
188.52714200 0.95 -2.47617645
190.90207500 1.00 -0.05124345
193.27716300 1.15 2.47384455
195.95209900 1.20 5.19878055
202.71844900 1.15 -2.47617645
