212.07302100 1.10 -1.87975680
214.75039400 1.20 0.89761620
221.52163100 1.05 -1.87975680
224.19853200 1.15 0.89714420
226.97533500 1.00 3.52394720
296.28968500 1.05 -1.87975680
299.01708300 1.10 0.89764120
368.03116200 1.10 -1.87975680
370.50803900 0.85 0.34712020
439.53073200 1.05 -1.87975680
442.21631100 1.05 0.80582220
511.03043100 1.20 -1.87975680
513.55720800 0.85 0.29702020
516.04235100 0.85 2.78216320
518.57740200 0.85 5.31721420
524.49845300 1.10 -1.87975680
527.23339700 0.80 0.55518720
533.29624300 1.15 -1.87975680
535.87293500 1.05 0.59693520
542.23577200 1.10 -1.87975680
