1.67701100 1.00 -2.22133742
4.35442000 1.20 0.65607158
7.18128600 1.10 3.38293758
76.40387100 1.05 -2.22133742
79.03040800 0.80 0.15519958
85.60235100 1.05 -2.22133742
88.37918000 1.00 0.50549158
95.04199000 0.85 -2.22133742
97.31877700 1.05 0.25544958
100.04567100 1.10 3.03234358
102.47249900 1.20 5.55917158
109.03498900 0.80 -2.22133742
111.52025900 1.00 0.46393258
117.79956700 0.95 -2.22133742
120.38470700 1.00 0.41380258
127.24764700 0.85 -2.22133742
129.62462600 1.15 0.45564158
132.15964200 1.05 2.89065758
139.17260300 0.85 -2.22133742
