1.36866900 0.95 -1.98286556
3.64529400 0.90 0.24375944
72.64321600 1.15 -1.98286556
75.21982800 1.00 0.44374644
77.75498300 1.00 2.97890144
84.21782500 1.10 -1.98286556
86.94469700 1.10 0.74400644
155.92542500 0.80 -1.98286556
158.36073500 1.05 0.70244444
164.52331100 1.10 -1.98286556
166.99998600 1.05 0.44380944
173.97146100 1.05 -1.98286556
176.39828000 1.20 0.59395344
245.67930100 1.05 -1.98286556
248.35606500 0.95 0.59389844
250.88302300 1.10 3.27085644
253.55971500 1.00 5.84754844
260.22269500 1.05 -1.98286556
