1.71912700 1.10 -2.03517853
4.24562700 0.85 0.24132147
73.29343600 0.95 -2.03517853
75.77028400 1.10 0.59166947
78.44700500 1.00 3.16839047
85.06843800 1.10 -2.03517853
87.65342100 0.95 0.39980447
90.28041500 1.20 3.27679847
97.05141300 0.85 -2.03517853
99.57825000 0.95 0.59165847
102.20494000 0.80 3.06834847
108.06739500 0.90 -2.03517853
110.64447600 1.20 0.84190247
117.25712800 0.95 -2.03517853
119.58394800 1.15 0.49164147
188.31476400 1.20 -2.03517853
191.04150400 1.05 0.54156147
193.51827400 1.10 3.06833147
262.54088600 1.05 -2.03517853
