1.72699800 0.90 -2.16830611
4.35449300 1.20 0.75918889
73.47663500 0.85 -2.16830611
75.86235600 1.15 0.51741489
145.07639500 0.95 -2.16830611
147.36194200 1.15 0.31724089
149.83845700 0.95 2.59375589
152.21531400 1.20 5.22061289
158.93659700 1.15 -2.16830611
161.67185700 1.15 0.56695389
164.54887900 1.20 3.49397589
171.22815100 0.85 -2.16830611
173.46337400 1.15 0.36691689
176.09017800 1.20 3.04372089
182.51093500 0.80 -2.16830611
184.83760300 0.85 0.20836189
190.75871400 1.20 -2.16830611
193.43532600 0.95 0.25830589
262.35753000 0.80 -2.16830611
