266.58541900 1.10 -2.18411078
269.01185200 0.95 0.09232222
275.23299500 1.00 -2.18411078
277.66802900 1.00 0.25092322
280.19469500 1.05 2.82758922
286.80770000 1.15 -2.18411078
289.68432600 0.80 0.34251522
295.70554800 1.15 -2.18411078
298.24080900 1.10 0.30115022
367.42169800 1.10 -2.18411078
370.04821900 0.80 0.14241022
372.42503000 0.95 2.66922122
375.00206800 1.20 5.49625922
443.89126500 1.10 -2.18411078
446.36773700 1.00 0.19236122
452.93086000 1.20 -2.18411078
455.46587400 1.05 0.20090322
457.95087800 1.00 2.63590722
526.63142000 0.85 -2.18411078
529.10846300 1.20 0.64293222
531.78516400 1.05 3.16963322
538.19808800 1.20 -2.18411078
541.07506800 1.20 0.69286922
