331.11327600 0.95 -2.27618559
333.50673600 1.15 0.31727441
336.34176300 0.85 2.85230141
342.62971300 1.15 -2.27618559
345.51485000 0.90 0.35895141
348.05849600 1.20 3.20259741
350.84365100 1.10 5.88775241
419.67464400 1.20 -2.27618559
422.40132300 0.95 0.20049341
428.94762000 0.85 -2.27618559
431.44913600 0.90 0.27533041
437.88707300 1.05 -2.27618559
440.57209000 0.90 0.25883141
443.11568600 1.05 2.95242741
449.87847700 0.85 -2.27618559
452.25548600 1.20 0.45082341
454.98222400 1.05 3.02756141
523.84629700 0.90 -2.27618559
526.17294900 0.95 0.10046641
532.58576500 1.00 -2.27618559
535.31281000 1.15 0.60085941
542.24263700 1.15 -2.27618559
