331.75586000 1.10 -2.26337836
334.58331600 1.20 0.66407764
341.15451400 1.20 -2.26337836
343.73112200 1.00 0.11322964
346.46624100 0.85 2.69834864
349.04328000 1.15 5.57538764
355.45601200 1.05 -2.26337836
358.18269600 0.85 0.26330564
427.29724400 1.20 -2.26337836
430.08272900 1.05 0.37210664
499.05534600 1.15 -2.26337836
501.88264400 1.20 0.61391964
504.70967400 1.15 3.39094964
510.78046700 1.10 -2.26337836
513.35724400 1.05 0.26339864
519.41984600 1.15 -2.26337836
522.29650600 0.80 0.26328164
524.68189600 1.20 3.04867164
531.19446900 1.05 -2.26337836
533.82140500 1.05 0.36355764
536.34801800 0.90 2.74017064
542.51885500 0.80 -2.26337836
