212.94780700 1.10 -1.79218870
215.32481400 0.90 0.58481830
284.33902000 1.15 -1.79218870
286.77441100 1.00 0.64320230
355.94696300 1.15 -1.79218870
358.42410000 1.10 0.68494830
365.44561500 1.20 -1.79218870
367.92220700 0.85 0.68440330
370.54919400 1.20 3.31139030
373.22606600 1.15 5.98826230
379.83888300 1.10 -1.79218870
382.61586800 1.10 0.98479630
451.68822000 0.80 -1.79218870
454.52407100 1.20 1.04366230
461.10356300 1.00 -1.79218870
463.53024200 1.10 0.63449030
469.95139400 1.05 -1.79218870
472.42809400 1.00 0.68451130
541.24194800 0.80 -1.79218870
543.91935000 1.10 0.88521330
