1.52706000 1.15 -2.12570821
4.15415700 1.10 0.45138879
11.12566500 1.05 -2.12570821
13.66069600 1.00 0.35932279
82.93342900 1.10 -2.12570821
85.61061900 1.05 0.50148179
88.23733700 0.95 3.02819979
157.20168600 1.15 -2.12570821
160.07895500 1.15 0.75156079
229.24320600 1.10 -2.12570821
231.87023100 0.90 0.30131679
234.30528600 0.90 2.73637179
236.64024100 0.95 5.12132679
243.11999600 1.20 -2.12570821
245.80519000 1.20 0.55948579
248.53998000 0.85 2.94427579
255.06127000 0.85 -2.12570821
257.43791300 0.85 0.25093479
263.25891700 1.15 -2.12570821
