330.06355000 1.15 -2.32033923
332.93840000 1.10 0.50451077
339.34622300 0.80 -2.32033923
341.87127100 0.85 0.25470877
348.22940600 1.00 -2.32033923
350.65414800 0.90 0.00440277
419.84351600 1.20 -2.32033923
422.61812400 0.95 0.20426877
429.27641300 1.10 -2.32033923
432.10126300 1.10 0.50451077
501.03190100 1.05 -2.32033923
503.55672400 0.95 0.10448377
505.83161900 0.95 2.37937877
508.25677500 1.20 5.05453477
515.06457200 0.95 -2.32033923
517.73943900 0.90 0.30452777
520.36435500 0.90 2.92944377
526.42259200 1.00 -2.32033923
528.94760700 1.15 0.35467577
531.72214200 0.80 2.77921077
534.14732700 1.10 5.50439577
540.95531300 1.00 -2.32033923
