1.67701200 0.95 -1.87163695
4.15431300 1.15 0.80566405
6.83084400 0.85 3.18219505
76.00352900 1.00 -1.87163695
78.43083000 1.15 0.70566405
81.10742500 0.95 3.18225905
87.93742400 1.20 -1.87163695
90.76420800 1.00 0.75514705
159.82838600 1.10 -1.87163695
162.56379300 0.80 0.56377005
168.73508900 1.15 -1.87163695
171.37009600 0.95 0.56337005
177.34085300 1.05 -1.87163695
179.87610400 1.05 0.66361405
182.50262000 0.80 3.04013005
251.36666000 0.90 -1.87163695
253.89414100 1.15 0.90584405
322.91659800 1.15 -1.87163695
325.54367300 1.00 0.60543805
