207.23495500 0.95 -2.18971205
209.75989100 1.00 0.33522395
278.54069900 1.10 -2.18971205
281.11574000 1.15 0.38532895
287.57375400 1.15 -2.18971205
290.44864600 1.15 0.68517995
296.96474800 0.80 -2.18971205
299.38981200 1.05 0.23535195
368.37043800 0.90 -2.18971205
371.24565200 1.20 0.68550195
374.12045300 1.15 3.56030295
443.35117700 1.15 -2.18971205
445.52578600 0.85 -0.01510305
448.30104300 1.20 2.76015395
450.82566500 0.95 5.28477595
456.98373400 0.90 -2.18971205
459.25871900 0.95 0.08527295
461.68374800 1.10 2.51030195
468.14192000 1.15 -2.18971205
470.56670000 1.05 0.23506795
473.29168100 1.15 2.96004895
542.23055000 1.05 -2.18971205
