264.55947200 1.15 -2.66902650
267.38646100 0.85 -0.14203750
269.77163400 1.00 2.39313550
338.97739400 0.90 -2.66902650
341.31281600 0.90 -0.33360450
343.64791000 1.05 2.15148950
346.32470500 1.00 4.77828450
352.18697800 1.20 -2.66902650
354.96415500 1.10 0.00815050
424.16166500 1.05 -2.66902650
426.73883400 1.05 -0.09185750
496.09495100 1.20 -2.66902650
498.72210200 1.15 -0.09187550
501.60754200 1.15 2.79356450
504.08385800 1.10 5.21988050
510.46337300 0.85 -2.66902650
512.94025500 1.00 -0.04214450
518.90286100 1.15 -2.66902650
521.57942800 0.85 -0.29245950
527.94222500 0.95 -2.66902650
530.51924200 1.10 0.05799050
533.25423900 0.85 2.54298750
535.73098600 0.90 5.06973450
542.10210400 1.00 -2.66902650
