2.42679900 0.90 -2.00666050
5.20412800 1.05 0.77066850
7.88108300 1.10 3.44762350
14.10202700 1.05 -2.00666050
16.48703300 0.85 0.37834550
85.25930400 1.10 -2.00666050
87.69470000 0.80 0.42873550
93.85726900 0.85 -2.00666050
96.48413300 1.00 0.62020350
102.30480400 0.85 -2.00666050
104.93134200 1.00 0.61987750
173.94568300 0.85 -2.00666050
176.52295600 0.95 0.57061250
179.05810300 1.15 3.10575950
181.58482200 1.05 5.63247850
250.35695700 0.90 -2.00666050
252.84259700 1.05 0.47897950
259.12183800 0.85 -2.00666050
