268.00350300 1.15 -2.31459691
270.83929900 1.20 0.57119909
340.00331700 1.00 -2.31459691
342.58056900 1.05 0.31265509
348.70133100 0.95 -2.31459691
351.08631700 0.90 0.02038909
420.24218800 0.90 -2.31459691
422.76950800 1.15 0.46272309
425.54651900 1.15 3.23973409
428.37332300 1.00 5.91653809
435.10311600 1.05 -2.31459691
437.58814600 1.05 0.17043309
444.20088300 0.95 -2.31459691
446.72779600 1.05 0.31231609
453.24070800 1.10 -2.31459691
456.07596700 1.00 0.42066209
458.70284300 1.15 3.19753809
461.22961500 1.20 5.77431009
530.39384300 1.15 -2.31459691
533.27931200 0.85 0.27087209
539.65903400 1.10 -2.31459691
542.23563300 1.00 0.16200209
