2.71789000 1.10 -1.87915711
5.44281100 1.15 0.84576389
11.90064600 0.90 -1.87915711
14.57583500 1.20 0.79603189
17.15075900 1.20 3.37095589
19.77547600 1.00 5.99567289
88.77282000 1.00 -1.87915711
91.14776900 1.00 0.49579189
97.80581300 0.95 -1.87915711
100.48071400 0.95 0.79574389
106.73886400 1.05 -1.87915711
109.51388700 1.15 0.89586589
178.05259600 0.80 -1.87915711
180.67780800 1.05 0.74605489
249.42489700 0.80 -1.87915711
251.84984700 0.85 0.54579289
320.78905700 0.95 -1.87915711
323.21379700 0.90 0.54558289
