1.61791700 1.05 -2.23915448
4.19274500 1.05 0.33567352
10.75090900 1.15 -2.23915448
13.27555800 0.85 -0.01450548
15.55048500 0.85 2.26042152
84.26451000 0.80 -2.23915448
86.73978900 1.20 0.63612452
89.36459200 1.10 3.16092752
96.37281100 1.15 -2.23915448
98.84727000 0.80 -0.11469548
101.32257400 1.15 2.71060852
104.04712800 0.85 5.13516252
110.10552900 1.15 -2.23915448
112.93025800 0.95 0.38557452
181.76955600 1.20 -2.23915448
184.49425800 1.00 0.28554752
190.95223200 0.90 -2.23915448
193.27719900 0.90 0.08581252
195.50228000 1.05 2.46089352
264.22483900 1.20 -2.23915448
267.04968400 1.20 0.58569052
