142.31617700 0.90 -2.25137370
144.60164400 1.00 0.13409330
151.12273900 0.90 -2.25137370
153.64965100 1.10 0.47553830
156.38468800 0.90 3.01057530
225.24888400 1.05 -2.25137370
227.82624200 1.20 0.47598430
230.50301300 1.10 3.05275530
233.22973600 0.95 5.62947830
302.00215900 1.05 -2.25137370
304.77927000 0.80 0.27573730
310.79207400 1.15 -2.25137370
313.56877700 0.95 0.32532930
382.74140000 0.95 -2.25137370
385.42703000 0.95 0.43425630
387.76217100 1.10 2.91939730
394.13294700 0.95 -2.25137370
396.60979000 1.00 0.27546930
399.18661300 1.00 2.85229230
468.10057800 0.90 -2.25137370
470.57769200 0.90 0.22574030
539.40016700 1.05 -2.25137370
541.92725700 0.95 0.17571630
