209.09795600 0.90 -2.08738795
211.62659200 1.05 0.59124805
214.20525600 1.20 3.31991205
216.88375900 0.95 5.74841505
223.35946800 1.05 -2.08738795
226.03808000 1.10 0.64122405
294.99992100 1.00 -2.08738795
297.37836100 1.15 0.44105205
304.09585500 1.05 -2.08738795
306.57423600 1.05 0.39099305
375.52774000 1.05 -2.08738795
378.15622300 0.85 0.34109505
380.38462400 1.20 2.91949605
449.15442400 1.10 -2.08738795
451.83301200 1.00 0.49120005
520.85332200 1.05 -2.08738795
523.38174800 1.00 0.39103805
525.96049500 1.20 3.16978505
532.62777400 1.00 -2.08738795
535.10619500 0.95 0.34103305
541.57352100 1.00 -2.08738795
