1.56999000 0.90 -1.83077272
4.14850600 0.90 0.74774328
6.52699000 1.15 3.37622728
75.25495900 0.90 -1.83077272
77.63319600 0.95 0.59746428
80.21185000 0.95 3.17611828
86.37873900 1.00 -1.83077272
88.95723400 0.95 0.69772228
157.92766500 1.20 -1.83077272
160.85640200 0.90 0.79796428
229.82658400 0.90 -1.83077272
232.40502800 0.80 0.64767128
301.12485700 0.80 -1.83077272
303.65351300 1.05 0.94788328
310.42112800 1.00 -1.83077272
312.79136900 0.85 0.38946828
315.31982000 1.20 3.26791928
321.93695700 0.85 -1.83077272
