333.55302000 0.95 -1.91539395
335.88125600 1.00 0.46284205
342.54894100 1.15 -1.91539395
345.27748900 0.85 0.51315405
413.94729700 0.95 -1.91539395
416.22541900 0.90 0.31272805
422.74302200 1.20 -1.91539395
425.42119200 0.85 0.41277605
428.00026400 1.15 3.29184805
434.81770400 0.85 -1.91539395
437.38819300 0.85 0.65509505
439.76627400 0.90 3.08317605
442.09465800 1.10 5.61156005
448.86224400 1.00 -1.91539395
451.54082700 0.90 0.66318905
520.09390800 1.05 -1.91539395
522.81488400 1.10 0.85558205
529.43176300 1.05 -1.91539395
532.11031100 0.85 0.56315405
538.37755500 1.15 -1.91539395
541.20639000 1.05 0.81344105
