211.20103700 1.20 -1.69856955
214.12998800 1.05 1.08038145
220.69722300 0.95 -1.69856955
223.32598400 1.10 1.08019145
292.69685400 1.20 -1.69856955
295.62587700 1.20 1.23045345
364.88787300 0.90 -1.69856955
367.51676000 1.20 1.23031745
436.82881500 0.95 -1.69856955
439.10718000 1.20 0.82979545
441.63547300 0.95 3.10808845
447.80234700 1.00 -1.69856955
450.53095200 0.90 0.93003545
456.69008500 0.95 -1.69856955
459.26817400 1.00 0.92951945
465.48515900 1.15 -1.69856955
468.21376100 0.90 0.78003245
470.49201700 1.10 3.25828845
539.40365800 0.95 -1.69856955
542.08225000 0.80 0.83002245
