1.72013400 0.90 -2.29661821
3.99845300 1.15 0.23170079
10.31544200 1.10 -2.29661821
12.99406200 1.00 0.28200179
82.16433100 0.85 -2.29661821
84.74319500 1.10 0.53224579
87.22160500 1.10 3.01065579
90.05862400 0.85 5.59767479
96.12561000 1.15 -2.29661821
98.65388500 0.90 -0.01834321
101.13258200 1.15 2.71035379
103.96134800 1.10 5.48911979
172.62284300 1.15 -2.29661821
175.20112600 0.85 -0.01833521
243.92106800 1.00 -2.29661821
246.59983500 1.05 0.43214879
253.21720200 0.95 -2.29661821
255.48754300 1.10 0.12372279
324.79115300 1.15 -2.29661821
