273.74584100 1.05 -1.93643790
276.18253700 1.15 0.60025810
282.77466000 0.80 -1.93643790
284.95268000 0.80 0.24158210
287.48149700 1.15 3.12039910
294.49934000 1.00 -1.93643790
297.17793700 0.90 0.64215910
365.89799300 1.15 -1.93643790
368.67654400 0.80 0.49211310
375.00231900 1.20 -1.93643790
377.68066300 0.90 0.44190610
383.84778200 1.20 -1.93643790
386.57653000 1.10 0.69231010
455.59663400 0.95 -1.93643790
458.22550400 1.20 0.94243210
461.10415000 0.85 3.47107810
463.63268900 1.00 6.14961710
532.25260200 1.10 -1.93643790
534.87312600 1.05 0.63408610
541.49018000 0.95 -1.93643790
