1.62018400 1.10 -2.02695521
4.39891900 1.05 0.70177979
10.76594300 0.95 -2.02695521
13.39480400 1.20 0.85190579
15.97297200 0.80 3.03007379
18.35151200 1.05 5.65861379
87.37998400 0.90 -2.02695521
89.70024300 0.80 0.19330379
95.86681400 1.05 -2.02695521
98.38736600 1.05 0.49359679
105.25484000 1.05 -2.02695521
107.83322700 0.85 0.35143179
113.89997600 0.95 -2.02695521
116.22840800 1.20 0.55147679
119.05708800 0.95 3.13015679
187.56822700 0.80 -2.02695521
190.09669500 0.85 0.55151279
196.41395800 1.00 -2.02695521
199.14270300 1.00 0.70178979
