1.36764700 1.05 -2.20256100
4.14231500 0.85 0.37210700
6.61738100 1.00 2.99717300
75.51483300 1.00 -2.20256100
78.08959600 0.90 0.27220200
147.02029800 0.80 -2.20256100
149.39523100 0.85 0.22237200
156.05339600 0.90 -2.20256100
158.47819600 0.90 0.22223900
164.78643700 0.95 -2.20256100
167.26128700 0.95 0.27228900
169.88641300 1.10 3.04741500
238.96699800 0.95 -2.20256100
241.54199200 1.05 0.47243300
244.16704400 1.20 3.24748500
246.94197200 1.20 6.02241300
253.19997400 1.15 -2.20256100
255.87489500 1.15 0.47236000
262.18291100 1.15 -2.20256100
