206.21800800 0.90 -2.05226664
208.49306800 1.05 0.37279336
277.72311300 1.10 -2.05226664
280.19885800 1.20 0.52347836
283.02349400 0.95 3.09811436
285.69857300 1.10 5.92319336
292.40654500 1.00 -2.05226664
294.83166900 1.20 0.57285736
297.40622200 0.85 2.79741036
303.56447200 1.10 -2.05226664
306.38921500 0.90 0.57247636
375.17851100 1.10 -2.05226664
377.85325500 0.90 0.42247736
384.16154900 1.15 -2.05226664
386.88638200 1.10 0.62256636
393.39442100 1.00 -2.05226664
395.71929100 1.00 0.27260336
464.45845600 1.10 -2.05226664
466.88311200 0.80 0.07238936
469.30802000 0.85 2.54729736
538.14731000 1.05 -2.05226664
540.77231900 1.15 0.67274236
