214.60133200 0.90 -1.67455632
217.22648400 1.10 1.15059568
286.11532200 0.95 -1.67455632
288.74028600 1.00 1.00040768
357.97932600 1.15 -1.67455632
360.76271200 1.10 1.05882968
363.43744800 0.95 3.58356568
369.75375600 0.85 -1.67455632
371.97879500 0.95 0.65048268
440.71777100 0.85 -1.67455632
443.24291900 1.10 1.10059168
446.06774800 1.05 3.87542068
452.32590000 1.10 -1.67455632
455.00062600 0.90 0.80016968
461.15891800 1.10 -1.67455632
463.68365500 0.95 0.70018068
532.42250500 0.80 -1.67455632
534.89782400 1.15 1.15076268
541.70557400 0.80 -1.67455632
