1.52691700 0.95 -2.05810911
4.10392800 0.80 0.36890189
6.53078200 1.00 2.99575589
75.39497500 1.20 -2.05810911
78.17224500 1.10 0.61916089
84.48483900 1.00 -2.05810911
86.96178000 1.20 0.61883189
93.63307200 1.20 -2.05810911
96.46813600 0.95 0.52695489
103.28140000 1.20 -2.05810911
106.10826200 1.10 0.66875289
108.94329400 0.80 3.20378489
111.47869700 1.15 6.08918789
180.89315200 1.20 -2.05810911
183.42018800 1.10 0.36892689
252.92594800 0.80 -2.05810911
255.31149700 0.90 0.42743989
261.63259400 0.95 -2.05810911
264.01787800 1.20 0.57717489
