1.42700100 1.10 -1.96306806
4.25411800 0.90 0.66404894
6.48909200 1.00 2.99902294
13.16876300 1.00 -1.96306806
15.85386200 0.95 0.67203094
84.68475900 1.10 -1.96306806
87.31156900 0.80 0.36374194
156.07570600 0.95 -1.96306806
158.61112800 0.90 0.52235394
161.13778100 0.80 2.94900694
163.61479100 1.05 5.67601694
170.38620300 1.10 -1.96306806
173.22123600 0.80 0.57196494
242.14394300 1.20 -1.96306806
244.87116000 1.05 0.61414894
251.43389100 0.90 -1.96306806
253.86916700 1.10 0.67220794
259.99012900 1.20 -1.96306806
