334.78283500 0.95 -1.98795324
337.41857500 1.00 0.69778676
343.73978600 1.20 -1.98795324
346.62493300 1.00 0.69719376
349.11015300 1.20 3.38241376
351.98707700 1.20 6.25933776
358.76690000 1.20 -1.98795324
361.60209600 1.15 0.79724276
368.41499500 1.00 -1.98795324
370.99163900 0.85 0.43869076
376.90402300 0.80 -1.98795324
379.23088100 1.00 0.53890476
385.40170900 0.90 -1.98795324
387.72839800 1.00 0.43873576
390.40514900 0.90 3.01548676
459.51932700 0.95 -1.98795324
461.95485900 0.95 0.44757876
531.07718400 0.80 -1.98795324
533.30448000 1.15 0.58934276
540.11721900 0.80 -1.98795324
542.64403700 0.85 0.58886476
