200.94830600 0.95 -2.45989883
203.32564400 1.15 0.11743917
206.11094300 1.20 2.95273817
208.83746200 0.80 5.27925717
215.01705700 1.10 -2.45989883
217.50188700 0.90 -0.17506883
224.07325400 1.05 -2.45989883
226.59974800 0.80 -0.18340483
228.72636000 0.90 2.04320717
297.74902400 1.15 -2.45989883
300.32612000 1.05 0.01719717
303.11143800 1.10 2.85251517
372.37554800 0.95 -2.45989883
374.90290800 1.10 0.21746117
377.48806800 1.15 2.85262117
384.40933200 0.95 -2.45989883
387.09469400 1.10 0.37546317
456.30893100 1.15 -2.45989883
459.13633300 1.20 0.41750317
461.66290900 0.95 2.69407917
530.78556500 1.15 -2.45989883
533.47120000 1.05 0.12573617
535.99780900 0.95 2.55234517
542.32727600 1.05 -2.45989883
