383.51679500 1.10 -2.69361431
386.14399000 1.00 -0.16641931
388.52069400 1.10 2.31028469
391.34767200 1.10 5.13726269
398.11895600 1.00 -2.69361431
400.60392800 0.90 -0.30864231
407.22543200 1.15 -2.69361431
409.96071200 1.20 0.09166569
412.84579300 0.95 2.72674669
481.76005100 1.15 -2.69361431
484.63721600 0.95 -0.01644931
487.07216300 0.85 2.31849769
489.54913000 1.10 5.04546469
496.02008600 0.90 -2.69361431
498.49669400 0.85 -0.26700631
500.87366300 1.20 2.45996269
507.69513900 1.15 -2.69361431
510.22155600 0.95 -0.36719731
516.24218500 0.95 -2.69361431
518.66926900 1.05 -0.16653031
521.45445600 0.95 2.51865669
527.58385600 1.10 -2.69361431
530.36085500 1.20 0.18338469
533.28786800 1.20 3.11039769
540.15929000 1.15 -2.69361431
542.83535400 0.80 -0.36755031
