1.67703400 1.10 -1.94590533
4.40402300 0.85 0.53108367
10.91721400 1.20 -1.94590533
13.84422800 1.15 0.93110867
16.47091200 1.00 3.40779267
23.00047500 1.10 -1.94590533
25.82759500 1.20 0.98121467
28.75452800 1.10 3.80814767
35.27561600 1.00 -1.94590533
38.00245600 0.95 0.73093467
40.63777600 1.10 3.51625467
47.30891800 0.95 -1.94590533
49.79412400 1.05 0.63930067
119.11608400 1.10 -1.94590533
121.94385800 0.80 0.58186867
190.90832900 1.20 -1.94590533
193.44377100 1.05 0.43953667
199.61463200 1.00 -1.94590533
