341.91343500 1.00 -2.34413791
344.59064500 1.10 0.43307209
413.64618500 0.80 -2.34413791
416.12370600 1.20 0.53338309
418.65008300 0.85 2.70976009
420.82663900 0.80 4.83631609
427.24772700 0.80 -2.34413791
429.57430800 0.80 -0.01755691
432.10136200 1.10 2.80949709
438.72270500 1.15 -2.34413791
441.39954500 1.15 0.33270209
443.92625800 1.20 2.90941509
446.66145200 1.10 5.54460909
453.32425900 0.95 -2.34413791
455.75928300 0.95 0.09088609
461.98041800 1.10 -2.34413791
464.71574800 1.20 0.49119209
534.02167700 1.20 -2.34413791
536.80713300 0.95 0.19131809
543.17842800 1.10 -2.34413791
545.70521300 1.15 0.23264709
552.12618900 1.05 -2.34413791
