1.47696300 1.10 -2.10278125
4.15409200 1.00 0.47434775
6.58901100 0.90 2.80926675
13.25183900 0.80 -2.10278125
15.52868200 1.05 0.42406175
18.10556900 1.15 3.10094875
24.86840300 0.95 -2.10278125
27.39520700 1.05 0.52402275
30.07225400 1.20 3.35106975
36.69322200 0.95 -2.10278125
39.37028500 1.10 0.72428175
41.89672700 0.80 2.95072375
110.56934800 1.15 -2.10278125
113.44664500 1.10 0.72451575
120.15943800 0.90 -2.10278125
122.68646500 1.20 0.72424575
191.94216900 0.95 -2.10278125
194.37757100 0.90 0.28262075
200.39857200 1.05 -2.10278125
203.13349800 1.15 0.73214475
