205.15110500 0.85 -2.41954970
207.68678100 0.95 0.21612630
213.89946100 1.00 -2.41954970
216.22599600 0.95 -0.14301470
218.90310500 1.20 2.78409430
221.62964100 1.20 5.51063030
290.98587300 1.10 -2.41954970
293.51313300 1.15 0.15771030
362.68557500 1.05 -2.41954970
365.41282300 1.00 0.25769830
368.03957600 0.95 2.83445130
370.41651600 1.20 5.46139130
376.83753100 1.10 -2.41954970
379.36397600 0.80 -0.19310470
381.64060200 0.85 2.13352130
450.46328300 1.20 -2.41954970
453.14038700 1.05 0.10755430
455.91714000 0.90 2.73430730
462.32994200 0.90 -2.41954970
464.55638700 0.80 -0.29310470
533.42064900 1.10 -2.41954970
536.14788500 1.00 0.20768630
542.16050900 1.15 -2.41954970
