1.42683400 1.05 -2.18318495
3.81217700 1.00 0.15215805
6.13890900 1.15 2.62889005
75.61157900 1.05 -2.18318495
78.29695300 0.80 0.25218905
84.61805100 0.85 -2.18318495
87.19476700 0.80 0.34353105
89.47999000 1.05 2.87875405
92.21505300 0.95 5.51381705
161.42944200 1.10 -2.18318495
164.20678200 1.10 0.59415505
170.81972500 1.10 -2.18318495
173.59675800 1.20 0.69384805
180.41813400 1.20 -2.18318495
183.19474700 0.90 0.29342805
189.55752000 0.90 -2.18318495
192.13458300 1.15 0.64387805
194.91153600 1.20 3.47083105
201.83288600 1.10 -2.18318495
