207.64486100 1.15 -2.11715727
210.47186900 0.80 0.35985073
216.33437400 0.90 -2.11715727
218.56935200 1.00 0.21782073
224.93191700 0.80 -2.11715727
227.25861700 0.95 0.35954273
229.84383600 1.00 2.99476173
298.99149500 1.20 -2.11715727
301.76877800 1.05 0.51012573
304.19558200 1.20 3.08692973
306.87206500 0.80 5.36341273
313.71911000 1.10 -2.11715727
316.31203200 0.90 0.27576473
385.43468600 1.05 -2.11715727
387.91183200 1.05 0.35998873
390.59708500 1.15 3.14524173
397.15978400 0.95 -2.11715727
400.67947200 1.15 1.60253073
469.76793600 0.90 -2.11715727
472.19498500 0.80 0.20989173
541.04271700 1.15 -2.11715727
543.72842800 1.15 0.56855373
