271.98118400 1.20 -1.84570595
274.60790800 1.15 0.73101805
277.23473800 1.15 3.35784805
346.41595300 1.20 -1.84570595
348.99263700 1.10 0.63097805
351.46935900 1.10 3.10770005
357.89053700 1.10 -1.84570595
360.42529400 0.85 0.43905105
368.65644600 1.20 -1.84570595
371.53326700 1.15 0.98111505
440.62284000 1.20 -1.84570595
443.34940100 0.95 0.63085505
449.86228700 1.00 -1.84570595
452.58929600 1.10 0.98130305
459.00206800 1.10 -1.84570595
461.82895500 1.05 0.93118105
468.54171000 0.85 -1.84570595
470.96855400 1.00 0.73113805
473.39536300 1.10 3.25794705
542.07591000 0.85 -1.84570595
544.45283500 1.15 0.83121905
