1.71894400 0.90 -2.74429686
4.34604000 1.20 0.18279914
11.27583700 1.20 -2.74429686
13.95270400 1.20 -0.06742986
16.77966000 1.20 2.75952614
23.50082800 1.05 -2.74429686
26.17777300 1.20 0.08264814
28.90444700 0.90 2.50932214
31.53947400 0.95 5.19434914
37.83592500 1.20 -2.74429686
40.71274200 1.05 -0.01747986
110.72788700 0.95 -2.74429686
113.20442800 0.90 -0.31775586
115.68123300 1.00 2.25904914
184.22040300 1.05 -2.74429686
186.79705600 0.90 -0.31764386
189.22377500 0.95 2.15907514
195.79518500 1.15 -2.74429686
198.42203000 1.15 -0.11745186
201.29888100 1.05 2.65939914
203.87545000 0.80 4.98596814
272.74833100 1.05 -2.74429686
