267.98675400 1.20 -2.33858009
270.91376000 1.15 0.53842591
277.52668900 1.20 -2.33858009
280.45336900 0.85 0.23809991
349.53467700 1.05 -2.33858009
352.31147000 0.90 0.28821291
354.78818600 0.95 2.81492891
423.98592400 0.80 -2.33858009
426.42110800 0.90 0.19660391
428.74768800 0.95 2.57318391
435.11057500 1.10 -2.33858009
437.89579400 1.00 0.34663891
444.25826600 0.80 -2.33858009
446.53503500 1.00 0.13818891
449.06181800 1.00 2.66497191
517.88447800 1.10 -2.33858009
520.46138100 1.20 0.33832291
523.28793200 0.85 2.81487391
525.56476900 1.05 5.29171091
532.37755700 0.80 -2.33858009
534.70427700 0.95 0.13813991
537.28105500 0.90 2.66491791
543.81053600 0.80 -2.33858009
