1.66777000 1.10 -1.95432547
4.19284100 1.15 0.62074553
6.77564400 0.85 2.90354853
75.58171400 1.05 -1.95432547
78.00677500 1.20 0.62073553
80.53168800 1.20 3.14564853
149.96217800 0.80 -1.95432547
152.13696000 0.85 0.27045653
158.49501900 0.80 -1.95432547
160.72001600 0.90 0.37067153
163.29505500 1.05 3.09571053
169.85304400 0.90 -1.95432547
172.32794300 0.90 0.52057353
174.65297600 1.05 2.99560653
181.21100700 0.95 -1.95432547
183.53572900 0.80 0.22039653
189.74423200 1.20 -1.95432547
192.61906800 1.15 0.87051053
261.61651900 1.20 -1.95432547
