334.07211400 1.05 -2.20709567
336.54702400 1.05 0.26781433
343.10515300 0.90 -2.20709567
345.78030600 1.10 0.46805733
352.23793200 0.90 -2.20709567
354.86317500 1.20 0.41814733
357.38782700 0.95 2.94279933
359.76263300 0.85 5.31760533
366.12091800 1.05 -2.20709567
368.69595900 1.20 0.36794533
375.55423300 1.20 -2.20709567
378.17872700 1.00 0.41739833
384.78668400 0.85 -2.20709567
387.16154900 0.85 0.16776933
455.75069100 0.85 -2.20709567
458.22575200 1.00 0.26796533
527.57326100 1.10 -2.20709567
530.09825700 1.20 0.31790033
532.77308800 1.10 2.99273133
535.69808400 1.20 5.91772733
541.95590100 0.95 -2.20709567
