1.46770000 0.85 -2.31000290
3.94275900 1.05 0.36505610
6.66783700 1.20 3.24013410
9.44272200 1.20 6.01501910
16.15067900 0.80 -2.31000290
18.32533700 0.80 -0.13534490
24.74198600 1.05 -2.31000290
27.46695500 1.10 0.46496610
96.61402300 0.80 -2.31000290
99.03917600 1.05 0.36515010
105.19712100 0.90 -2.31000290
107.42204400 0.90 -0.08507990
109.69724300 1.15 2.44011910
112.17195000 0.95 4.71482610
118.53006100 1.00 -2.31000290
121.15514200 1.10 0.41507810
127.61295400 0.90 -2.31000290
130.13801800 1.20 0.51506110
137.04598400 0.95 -2.31000290
139.37102500 1.10 0.16503810
