268.90750200 0.90 -2.05449718
271.13242700 0.90 0.17042782
277.54046300 0.80 -2.05449718
280.06556800 1.00 0.67060782
282.39053600 1.10 3.09557582
351.56298000 1.15 -2.05449718
354.13775400 1.05 0.42027682
356.81260300 1.00 3.04512582
362.82064600 0.95 -2.05449718
365.24559300 0.95 0.37044982
367.57062600 1.10 2.84548282
370.34545400 1.05 5.57031082
439.38455500 1.10 -2.05449718
442.00928000 0.90 0.37022782
448.51745700 1.00 -2.05449718
450.99253500 1.15 0.57058082
457.90037300 0.90 -2.05449718
460.12538900 1.00 0.27051882
466.83333500 0.90 -2.05449718
469.40824700 0.90 0.52041482
538.40591000 1.20 -2.05449718
541.03088200 1.20 0.57047482
