334.61323000 0.90 -1.90711229
337.08836000 1.10 0.76801771
406.06912000 1.20 -1.90711229
408.79404400 1.20 0.81781171
415.65168200 0.80 -1.90711229
417.77701700 1.20 0.61822271
420.35149800 0.80 2.79270371
422.67663400 1.00 5.31783971
429.18456500 0.85 -1.90711229
431.40968300 1.05 0.51800571
438.21764700 0.95 -1.90711229
440.69252700 0.95 0.56776771
443.36738200 0.95 3.24262271
449.52554900 1.00 -1.90711229
452.10068000 1.20 0.86801871
521.08124200 1.10 -1.90711229
523.55601900 1.05 0.51766471
529.91421500 1.10 -1.90711229
532.53890900 0.90 0.51758171
538.80529900 0.85 -1.90711229
541.38016500 0.80 0.61775371
