266.80693000 0.80 -2.37279700
269.28192500 0.90 0.20219800
271.80704200 1.10 2.92731500
278.36504900 1.05 -2.37279700
281.03974700 0.85 0.10190100
287.09805000 1.05 -2.37279700
289.72278900 0.90 0.10194200
295.73080900 0.80 -2.37279700
298.25575200 0.85 0.20214600
300.48100000 1.20 2.77739400
307.13909700 1.20 -2.37279700
309.76384800 1.05 0.10195400
378.79452400 1.10 -2.37279700
381.46951600 1.20 0.40219500
383.99428900 1.10 2.82696800
390.55217800 0.90 -2.37279700
393.02730700 1.10 0.30233200
395.50211700 1.05 2.72714200
397.97679500 0.80 4.95182000
466.60745200 0.80 -2.37279700
469.08270300 1.15 0.45245400
471.85766100 1.20 3.27741200
540.88814300 1.10 -2.37279700
