274.10724000 1.15 -1.84244670
276.73195600 0.90 0.53226930
282.89001000 0.85 -1.84244670
285.41502800 0.95 0.78257130
287.99008300 1.20 3.60762630
290.71463300 0.80 5.93217630
359.40396500 1.10 -1.84244670
362.02881900 1.05 0.73240730
368.58702000 1.20 -1.84244670
371.41185700 1.05 0.83239030
440.40087500 1.10 -1.84244670
442.82564300 1.05 0.53232130
448.83383800 1.15 -1.84244670
451.55880000 1.15 0.88251530
458.06653200 0.80 -1.84244670
460.59179500 1.15 1.03281630
529.87237600 1.10 -1.84244670
532.69722700 1.05 0.93240430
539.35520000 1.05 -1.84244670
541.98016900 1.05 0.78252230
