2.76793400 1.05 -2.09717795
5.09256200 0.80 0.22745005
11.80090000 1.10 -2.09717795
14.12562500 0.90 0.22754705
20.83399400 1.20 -2.09717795
23.35884300 1.20 0.42767105
26.18372100 1.15 3.25254905
28.45821900 0.80 5.52704705
35.11643500 0.85 -2.09717795
37.59145500 1.00 0.37784205
43.99964900 1.10 -2.09717795
46.42427800 0.80 0.32745105
48.89912300 0.80 2.80229605
118.19686600 1.20 -2.09717795
120.72161000 1.15 0.42756605
189.76059200 1.10 -2.09717795
192.18528500 0.85 0.32751505
194.71025900 0.95 2.85248905
263.75752100 0.95 -2.09717795
