1.52598000 0.80 -2.09684753
4.05122400 1.20 0.82839647
6.92585300 1.00 3.50302547
13.18442900 1.10 -2.09684753
15.70895300 1.00 0.32767647
18.13402100 1.15 2.90274447
24.89214000 1.20 -2.09684753
27.67498600 0.85 0.33599847
30.25031200 1.15 3.21132447
37.05829900 1.20 -2.09684753
39.88275300 0.80 0.32760647
45.84088000 0.80 -2.09684753
48.26618200 1.20 0.72845447
50.99105700 1.15 3.40332947
57.49893200 0.95 -2.09684753
60.07406600 1.20 0.72828647
129.13797100 1.10 -2.09684753
131.81275600 1.00 0.47793747
200.44327700 0.85 -2.09684753
