205.41004800 1.10 -2.28849450
208.18466400 0.80 0.18612150
210.60999200 1.20 3.01144950
280.04874800 1.00 -2.28849450
282.57385500 1.20 0.43661250
289.03171800 0.95 -2.28849450
291.55677000 1.15 0.43655750
360.64584900 1.20 -2.28849450
363.42034700 0.85 0.13600350
365.99521900 0.80 2.66087550
368.32047900 1.20 5.38613550
375.17843400 1.00 -2.28849450
377.75326700 0.95 0.23633850
380.02801300 0.80 2.36108450
382.50317700 1.05 5.08624850
451.83361100 0.95 -2.28849450
454.10873700 1.05 0.08663150
460.41696000 1.20 -2.28849450
463.24157500 0.90 0.23612050
469.84973400 1.00 -2.28849450
472.57450000 0.90 0.33627150
541.31370000 1.10 -2.28849450
