1.56772100 1.20 -2.15774805
4.39274200 1.10 0.56727295
6.81770700 1.15 3.04223795
13.62592700 0.95 -2.15774805
15.90052600 1.00 0.16685095
22.05891300 1.00 -2.15774805
24.78342900 0.95 0.51676795
27.45826700 0.90 3.14160595
33.71657500 1.05 -2.15774805
36.39150100 1.10 0.56717795
105.44709500 1.10 -2.15774805
108.02218900 1.20 0.51734595
110.64672800 0.85 2.79188495
112.82191300 1.15 5.26706995
181.70261600 1.20 -2.15774805
184.52720100 0.85 0.31683695
191.08543100 1.05 -2.15774805
193.86011200 0.80 0.36693295
199.66863100 1.20 -2.15774805
