1.36795100 1.10 -2.60107790
3.94246100 0.85 -0.27656790
10.30098400 1.15 -2.60107790
13.12573100 1.05 0.12366910
82.13155700 1.20 -2.60107790
84.85629600 1.05 -0.02633890
87.58096800 0.85 2.49833310
93.83928000 1.05 -2.60107790
96.56405600 0.95 0.02369810
99.23920900 1.20 2.94885110
102.11398800 1.10 5.72363010
108.82206500 1.10 -2.60107790
111.49693600 1.10 0.07379310
118.15503700 1.10 -2.60107790
120.82992800 1.15 0.12381310
123.40475400 1.00 2.54863910
129.76257200 0.95 -2.60107790
132.03763300 0.90 -0.37601690
134.61277600 1.15 2.44912610
137.13764400 1.15 4.97399410
143.34551300 0.90 -2.60107790
