1.56986400 0.80 -2.47840152
3.84823300 1.05 0.04996748
6.42661300 1.00 2.57834748
12.99426500 1.20 -2.47840152
15.57265300 1.05 -0.05001352
22.24045700 1.20 -2.47840152
24.76873200 1.05 -0.10012652
27.19704900 1.00 2.27819048
96.33413900 1.00 -2.47840152
98.71258700 1.15 0.05004648
101.49117100 1.05 2.72863048
104.16988700 1.00 5.35734648
173.16515700 1.00 -2.47840152
175.69381200 1.20 0.25025348
182.76182000 1.10 -2.47840152
185.39017800 0.80 -0.15004352
187.56838400 1.05 2.27816248
190.19707000 1.05 4.90684848
259.41746100 0.95 -2.47840152
261.69546500 0.80 -0.35039752
268.01285800 1.15 -2.47840152
