272.10855100 1.00 -1.87477967
274.68713500 1.10 0.70380433
344.14121000 1.20 -1.87477967
346.66952500 1.00 0.65353533
349.09829400 0.80 3.08230433
355.61558000 0.85 -1.87477967
358.29408500 1.15 0.80372533
427.29780300 0.80 -1.87477967
430.17659800 1.15 1.00401533
432.85529400 1.15 3.68271133
438.82211800 0.80 -1.87477967
441.45060300 1.15 0.75370533
447.56748500 0.90 -1.87477967
450.08806600 1.00 0.64580133
456.85521200 1.10 -1.87477967
459.43385400 0.85 0.70386233
528.21203700 1.05 -1.87477967
530.99062600 1.05 0.90380933
533.66963100 1.00 3.58281433
539.92863600 0.95 -1.87477967
542.15634400 0.90 0.35292833
