265.97651300 1.05 -2.37317687
268.75527600 0.90 0.25558613
271.03354800 1.05 2.68385813
277.40061900 1.00 -2.37317687
279.77905100 1.15 0.15525513
282.50780100 1.15 2.88400513
285.33647100 0.90 5.46267513
291.46183800 1.15 -2.37317687
294.34074800 1.05 0.40573313
297.01941000 1.05 3.08439513
303.63684100 1.00 -2.37317687
306.35732400 0.80 0.14730613
308.68551900 1.10 2.77550113
315.19475000 0.80 -2.37317687
317.67275000 0.85 0.15482313
319.95113500 1.15 2.73320813
389.15501700 1.20 -2.37317687
391.88341000 1.00 0.15521613
460.50345900 1.15 -2.37317687
463.28200500 0.85 0.10536913
532.15237900 1.15 -2.37317687
535.03121600 1.00 0.35566013
541.49834400 0.85 -2.37317687
