204.08467100 0.85 -2.26090587
206.30980900 1.05 0.16423213
275.29863700 0.90 -2.26090587
277.72343600 0.80 0.06389313
279.94873500 1.15 2.63919213
349.32912100 0.95 -2.26090587
351.65422600 1.15 0.26419913
358.21197400 0.80 -2.26090587
360.53724200 1.15 0.41436213
363.41202500 1.05 3.18914513
369.77002300 0.90 -2.26090587
372.14521400 1.20 0.41428513
374.67010500 1.20 2.93917613
443.75854400 0.95 -2.26090587
446.43369500 0.95 0.41424513
449.10885500 1.20 3.33940513
518.03927600 0.95 -2.26090587
520.71406100 0.85 0.31387913
523.13925300 1.15 3.03907113
529.74714000 0.95 -2.26090587
532.37196300 0.90 0.31391713
534.59719600 1.20 2.83915013
541.25493900 0.85 -2.26090587
