1.37616500 1.05 -1.99434056
3.90093100 0.90 0.38042544
72.70685800 1.20 -1.99434056
75.63155400 1.00 0.73035544
81.38983500 1.15 -1.99434056
83.96450200 0.95 0.38032644
152.75379100 1.20 -1.99434056
155.62865000 1.20 0.88051844
158.50345000 1.10 3.65531844
165.21152600 1.10 -1.99434056
167.63613500 0.80 0.13026844
236.31683300 0.85 -1.99434056
238.69193100 1.05 0.58075744
241.41672800 0.90 3.15555444
243.79149600 0.80 5.43032244
249.89965900 1.10 -1.99434056
252.42487700 1.20 0.63087744
259.13274700 1.00 -1.99434056
