1.66787900 1.10 -2.13977200
4.39266900 1.05 0.53501800
11.00077900 1.05 -2.13977200
13.77538200 0.80 0.38483100
16.30072400 1.20 3.31017300
18.87536400 0.95 5.63481300
25.33357300 1.10 -2.13977200
27.80827000 0.85 0.08492500
30.08332600 1.00 2.50998100
36.69130000 1.05 -2.13977200
39.26627100 1.05 0.43519900
42.04095700 0.80 2.95988500
48.19915700 0.90 -2.13977200
50.57433800 1.20 0.53540900
57.09910100 1.15 -2.13977200
59.82371200 0.90 0.33483900
66.59878900 1.20 -2.13977200
69.43166400 0.90 0.39310300
75.85653800 0.95 -2.13977200
