276.34893600 0.90 -1.90489495
278.73227300 1.00 0.47844205
285.40718200 1.15 -1.90489495
287.98212600 1.20 0.67004905
356.52082400 0.85 -1.90489495
359.16242500 0.90 0.73670605
361.49579900 1.00 3.07008005
364.12070900 1.00 5.69499005
370.59561600 1.20 -1.90489495
373.27051400 1.15 0.77000305
442.29283700 1.20 -1.90489495
445.01748300 1.00 0.81975105
447.49223800 1.00 3.29450605
454.20080100 1.20 -1.90489495
456.72520600 0.90 0.61951005
462.78336600 0.80 -1.90489495
465.20836000 0.90 0.52009905
534.13924800 1.10 -1.90489495
536.51406100 1.00 0.46991805
542.60534300 0.80 -1.90489495
