265.54097000 1.15 -2.23035339
268.16584000 1.10 0.34451661
270.84065200 1.05 2.96932861
277.64866100 1.00 -2.23035339
280.07329900 0.90 0.09428461
282.49869700 1.20 2.81968261
289.35668200 1.10 -2.23035339
291.83163600 1.20 0.34460061
361.11196300 0.85 -2.23035339
363.38690200 0.95 0.14458561
369.89532000 1.20 -2.23035339
372.71997800 1.00 0.39430461
375.09499700 1.10 2.86932361
377.91967000 0.90 5.49399661
446.71691700 0.85 -2.23035339
449.04202700 1.10 0.34475661
451.86712600 1.15 3.21985561
520.79734800 0.95 -2.23035339
523.27227600 0.85 0.14457461
529.43048900 0.90 -2.23035339
531.80556200 1.10 0.34471961
538.16357800 1.00 -2.23035339
540.78858200 1.15 0.54465061
