204.05190100 1.15 -2.36582696
206.72662300 1.05 0.30889504
276.02395800 1.05 -2.36582696
278.34884500 0.95 -0.04093996
280.84033900 0.85 2.45055404
287.20677300 0.85 -2.36582696
289.38167800 0.85 -0.19092196
291.95677600 1.10 2.38417604
360.70399300 0.90 -2.36582696
363.27912200 1.10 0.20930204
432.71825800 1.20 -2.36582696
435.14284200 0.95 0.05875704
441.70956100 1.20 -2.36582696
444.48435400 1.10 0.40896604
513.60674400 1.05 -2.36582696
515.83131200 0.85 -0.14125896
518.45617600 0.90 2.48360504
521.28139700 1.10 5.30882604
527.88924100 0.90 -2.36582696
530.36408200 0.80 0.10901404
532.93930100 1.10 2.68423304
535.51430300 1.20 5.25923504
542.13027300 0.80 -2.36582696
