1.56798700 1.15 -2.46462068
4.29251000 0.85 -0.04009768
6.81763400 1.05 2.68502632
13.27582000 1.15 -2.46462068
16.10063100 1.15 0.36019032
18.82540800 1.00 2.93496732
21.40018100 0.80 5.30974032
90.39786700 1.15 -2.46462068
93.22238000 0.85 0.05989232
95.69756200 1.05 2.73507432
164.78631600 0.80 -2.46462068
167.16151300 1.10 0.21057632
173.71956300 1.10 -2.46462068
176.29427200 1.00 0.01008832
182.65251600 0.95 -2.46462068
185.07747000 1.05 0.06033332
187.85237400 1.05 2.83523732
256.92466300 0.95 -2.46462068
259.39944500 0.85 -0.08983868
261.57461100 1.10 2.33532732
268.13260600 1.00 -2.46462068
270.75767500 1.15 0.31044832
