276.97363600 1.00 -1.69596142
279.34877800 1.10 0.77918058
282.02342500 0.85 3.20382758
284.44849600 1.05 5.82889858
353.57924800 1.15 -1.69596142
356.40391300 0.95 0.92870358
425.17641700 1.10 -1.69596142
427.75101400 0.80 0.57863558
496.68181500 1.00 -1.69596142
499.00679200 1.05 0.67901558
505.36483400 1.05 -1.69596142
507.88964700 0.95 0.72885158
514.10640600 1.20 -1.69596142
516.88098200 0.95 0.82861458
523.43941500 1.00 -1.69596142
525.96412100 1.10 0.92874458
532.52200300 0.85 -1.69596142
534.74714500 1.10 0.77918058
541.65521900 1.15 -1.69596142
