1.56800700 1.20 -2.35111367
4.29271200 1.10 0.27359133
73.12331500 0.95 -2.35111367
75.54844000 1.20 0.32401133
78.22327600 1.10 2.89884733
84.73101600 0.85 -2.35111367
87.30625500 1.15 0.52412533
89.98103800 1.00 3.04890833
159.12021700 1.20 -2.35111367
161.79489900 0.95 0.07356833
168.00322000 1.20 -2.35111367
170.62782500 0.90 -0.02650867
173.25303800 1.20 2.89870433
176.17791100 1.20 5.82357733
182.68590600 1.10 -2.35111367
185.11070100 1.00 -0.02631867
187.83577700 1.20 2.89875733
257.07467200 1.05 -2.35111367
259.59933600 0.85 -0.02644967
327.97998900 0.80 -2.35111367
330.20519800 1.05 0.12409533
