266.96599700 1.10 -2.79395938
269.69081300 1.00 -0.06914338
277.14888700 1.05 -2.79395938
279.97388400 1.15 0.03103762
288.91533700 0.90 -2.79395938
291.64001800 1.05 -0.06927838
294.16484800 1.00 2.45555162
363.10386200 1.00 -2.79395938
365.62875100 1.00 -0.26907038
434.46791000 1.15 -2.79395938
437.09256000 0.95 -0.16930938
443.65085400 1.15 -2.79395938
446.42573600 1.10 -0.01907737
449.05073000 1.20 2.60591663
451.62550300 1.10 5.18068963
457.98351200 1.00 -2.79395938
460.45855800 1.15 -0.31891338
463.18336000 1.05 2.40588862
465.60814100 1.00 4.83066962
534.53893500 1.10 -2.79395938
537.41372100 1.00 0.08082663
540.06366900 1.00 2.73077463
543.07196600 0.95 5.73907163
551.66289900 0.85 -2.79395938
