1.41763000 1.00 -2.49118550
3.89243800 0.80 -0.21637750
9.85087400 1.05 -2.49118550
12.27591500 1.20 0.08385550
81.53139100 0.90 -2.49118550
84.00649300 1.15 0.23391650
86.63144600 1.20 2.90886950
89.30626700 1.15 5.53369050
95.46433400 1.10 -2.49118550
98.03898900 0.90 -0.11653050
104.34729800 1.05 -2.49118550
107.12215000 1.05 0.28366650
109.89694200 0.95 2.95845850
112.17202700 1.10 5.38354350
118.52980200 0.80 -2.49118550
120.95499000 1.10 0.23400250
123.47972400 0.90 2.55873650
129.98800100 1.10 -2.49118550
132.61283900 1.05 0.08365250
139.52065800 0.80 -2.49118550
