1.72609900 1.20 -2.38865830
4.35053500 0.80 -0.16422230
73.18989700 0.95 -2.38865830
75.61475200 0.95 0.03619670
77.88977800 1.05 2.41122270
80.31447200 1.10 4.88591670
86.67285000 1.05 -2.38865830
89.29757600 0.90 0.08606770
95.90555000 0.80 -2.38865830
98.38067400 1.00 0.28646570
101.10567200 1.10 3.11146370
107.91372100 1.05 -2.38865830
110.58873400 1.00 0.23635470
117.24671100 1.05 -2.38865830
119.92160900 1.05 0.28623970
126.58794300 1.00 -2.38865830
129.16274400 0.90 0.08614270
131.48795600 1.15 2.66135470
134.21266500 0.95 5.18606370
140.37070000 0.90 -2.38865830
