1.46785300 1.05 -2.32241635
4.09268200 1.05 0.30241265
6.81759000 1.00 2.97732065
12.98386500 0.80 -2.32241635
15.50891300 1.00 0.40263165
17.98388800 1.10 2.97760665
20.70878300 0.80 5.40250165
89.66422800 0.85 -2.32241635
92.08908900 0.80 0.05244465
160.96177300 1.15 -2.32241635
163.63639500 0.85 0.05220565
165.96161000 1.20 2.72742065
172.76937200 0.85 -2.32241635
175.34459000 1.20 0.60280165
182.25269300 1.20 -2.32241635
184.77750800 1.15 0.15239865
187.65229900 1.00 2.87718965
194.31031100 0.95 -2.32241635
196.73512400 0.90 0.05239665
265.78264800 1.10 -2.32241635
