1.47605000 0.90 -2.30745160
3.75107000 1.05 0.11756840
73.09826300 0.95 -2.30745160
75.67345200 1.20 0.51773740
82.33152000 1.20 -2.30745160
85.10621500 1.05 0.31724340
87.88105700 1.00 3.04208540
156.81163400 0.95 -2.30745160
159.13674900 1.05 0.11766340
161.51147100 0.90 2.34238540
163.88665700 1.20 5.01757140
233.11709800 1.00 -2.30745160
235.74204200 1.00 0.31749240
238.36703000 1.20 3.14248040
245.32516400 1.20 -2.30745160
247.99984100 1.05 0.21722540
250.37499400 1.20 2.74237840
319.63864400 0.90 -2.30745160
322.21387700 1.20 0.56778140
328.42178900 1.05 -2.30745160
