333.89694400 1.00 -2.06541362
336.52182500 1.00 0.55946738
338.99674300 1.00 3.03438538
345.56312400 1.00 -2.06541362
348.03812000 1.05 0.45958238
354.74629600 1.20 -2.06541362
357.37120200 1.15 0.50949238
426.54359900 1.20 -2.06541362
429.26843500 1.15 0.60942238
431.79343800 1.20 3.18442538
500.88214900 0.85 -2.06541362
503.15716200 0.95 0.30959938
509.91524600 1.10 -2.06541362
512.49022300 1.05 0.45956338
515.21491600 0.80 2.93425638
517.59008100 1.20 5.70942138
523.79801500 0.95 -2.06541362
526.12300300 1.00 0.30957438
532.38092700 0.85 -2.06541362
534.90587300 0.90 0.50953238
541.36405000 0.95 -2.06541362
