334.21337300 1.15 -1.95457010
336.88793100 0.80 0.36998790
343.24642300 1.20 -1.95457010
345.92116600 1.05 0.57017290
415.01061800 1.20 -1.95457010
417.83509900 1.05 0.71991090
420.60977300 0.90 3.34458490
426.72660100 1.10 -1.95457010
429.25133500 1.10 0.57016390
497.93182300 1.00 -1.95457010
500.65650500 0.80 0.57011190
502.83150200 0.85 2.79510890
508.99003300 1.20 -1.95457010
511.81478700 1.10 0.77018390
514.58964100 1.05 3.49503790
520.94762900 0.95 -1.95457010
523.32245500 0.90 0.37025590
529.53060900 0.95 -1.95457010
532.15539000 0.85 0.57021090
534.68058000 1.20 3.44540090
541.58839500 0.85 -1.95457010
