205.50976900 0.90 -2.26466723
208.08482500 1.05 0.46038877
210.75977900 1.10 3.18534277
217.66764900 0.95 -2.26466723
220.24280500 1.20 0.56048877
226.55063900 0.90 -2.26466723
229.12560900 1.00 0.41030277
298.34801000 1.10 -2.26466723
300.92283800 1.00 0.21016077
307.58094600 1.00 -2.26466723
310.20581600 1.00 0.36020277
312.78069000 0.95 2.88507677
315.05548700 0.90 5.10987377
384.10304500 1.15 -2.26466723
386.82799500 1.15 0.46028277
389.70275300 1.00 3.18504077
458.39192300 1.15 -2.26466723
461.26667400 1.05 0.51008377
463.69136500 0.85 2.73477477
532.30574200 1.20 -2.26466723
535.08039500 1.00 0.30998577
541.38860300 1.00 -2.26466723
