273.25792500 1.10 -1.93612245
275.88263700 1.10 0.68858955
278.35726100 0.85 2.91321355
280.73228800 1.00 5.43824055
286.99893600 1.20 -1.93612245
289.62367800 1.00 0.48861955
358.75450700 1.15 -1.93612245
361.42950800 1.15 0.73887855
368.28748700 1.05 -1.93612245
371.06239900 1.15 0.93878955
440.35161200 1.20 -1.93612245
443.12630400 1.10 0.73856955
449.23427200 1.00 -1.93612245
451.95943800 1.15 0.93904355
458.66739700 1.05 -1.93612245
461.29230700 1.05 0.68878755
463.86718600 1.05 3.26366655
532.83940500 0.80 -1.93612245
535.36423100 0.80 0.58870355
541.57243600 0.90 -1.93612245
