1.46771000 0.90 -2.04075132
3.94264900 1.00 0.53418768
6.56777000 1.20 3.35930868
75.65652200 1.00 -2.04075132
78.18157000 1.10 0.58429668
80.75629800 0.95 3.00902468
87.16433600 0.85 -2.04075132
89.73947800 1.10 0.78439068
92.41415700 0.90 3.25906968
98.67225000 0.90 -2.04075132
100.94721700 0.95 0.28421568
103.37192100 1.05 2.80891968
109.63012200 0.85 -2.04075132
112.20494600 0.80 0.48407268
118.41318100 1.00 -2.04075132
120.73836900 1.20 0.48443668
189.61071700 1.20 -2.04075132
192.43555600 1.15 0.73408768
198.99367600 1.20 -2.04075132
