271.49954300 1.10 -1.84267376
274.17438100 1.05 0.78216424
276.54905600 0.80 2.90683924
345.23853200 1.15 -1.84267376
347.71333600 1.05 0.53213024
354.28009200 1.10 -1.84267376
356.95446100 0.90 0.63169524
359.52930800 0.80 3.10654224
428.51033100 1.15 -1.84267376
431.08508400 0.90 0.48207924
437.44326600 1.00 -1.84267376
439.76813400 0.95 0.43219424
442.29298700 0.90 2.90704724
448.50969400 1.15 -1.84267376
451.08428000 0.85 0.43191224
453.55915900 0.80 2.85679124
459.81734800 0.90 -1.84267376
462.19223700 0.90 0.53221524
531.22305500 0.95 -1.84267376
533.84818200 1.15 0.98245324
540.80606600 1.00 -1.84267376
