206.57675000 1.20 -2.05901377
209.15155000 0.90 0.21578623
211.77667800 1.15 3.09091423
214.65135400 0.90 5.71559023
221.15943500 0.90 -2.05901377
223.78435700 0.95 0.61590823
292.72352900 1.00 -2.05901377
295.29825200 0.85 0.36570923
297.57345200 1.10 2.89090923
366.55388400 0.80 -2.05901377
368.77915300 1.15 0.51625523
438.12650600 1.10 -2.05901377
440.85114400 0.90 0.46562423
443.17602100 0.85 2.74050123
449.78427500 1.00 -2.05901377
452.20941800 1.20 0.56612923
459.01736100 1.10 -2.05901377
461.64216300 1.00 0.46578823
530.18127000 1.00 -2.05901377
532.55629500 1.10 0.41601123
539.21419000 0.90 -2.05901377
541.63920100 1.00 0.46599723
