2.71792300 1.15 -2.46906267
5.19253000 0.90 0.00554433
74.25669200 1.00 -2.46906267
76.63167500 1.05 -0.09407967
82.93952200 0.85 -2.46906267
85.66473700 1.15 0.25615233
88.43951100 1.05 3.03092633
91.26452000 1.10 5.85593533
97.82246400 1.00 -2.46906267
100.24735900 0.95 -0.04416767
102.97249700 1.20 2.68097033
109.18014700 0.85 -2.46906267
111.55513400 0.85 -0.09407567
114.23038100 1.15 2.58117133
182.95239100 0.85 -2.46906267
185.47735500 0.85 0.05590133
188.05244300 1.00 2.63098933
256.68295000 0.80 -2.46906267
259.30831400 1.20 0.15630133
261.88294500 0.95 2.73093233
267.94087000 0.80 -2.46906267
