1.52601400 1.20 -1.82079072
4.40088700 0.95 0.80408228
7.02580300 0.95 3.42899828
13.28378600 0.80 -1.82079072
15.65899800 1.10 0.85442128
84.94805800 1.10 -1.82079072
87.72290500 1.05 0.90405628
94.13093600 1.00 -1.82079072
96.75568000 0.80 0.60395328
103.16411700 1.15 -1.82079072
105.93907800 1.20 1.00417028
112.74681600 0.90 -1.82079072
115.02184000 1.00 0.55423328
117.54662200 0.90 2.97901528
186.58572600 0.95 -1.82079072
188.86065000 0.90 0.40413328
191.28577900 1.10 3.02926228
197.79379300 1.05 -1.82079072
