207.67678400 1.15 -2.05250077
210.15135700 0.85 0.42207223
212.57642300 1.00 2.84713823
215.00116800 0.85 5.27188323
221.70946800 1.05 -2.05250077
224.28426700 0.85 0.52229823
292.97340100 1.00 -2.05250077
295.24815100 0.85 0.22224923
301.65660400 1.20 -2.05250077
304.33140900 1.10 0.62230423
306.90619400 1.00 3.19708923
375.57850600 0.90 -2.05250077
378.26175900 0.95 0.63075223
384.92004000 1.15 -2.05250077
387.14468300 0.85 0.17214223
456.12535600 1.00 -2.05250077
458.85045000 1.00 0.67259323
465.45866500 1.15 -2.05250077
468.03359900 1.15 0.52243323
470.45810700 0.80 2.94694123
539.63897500 1.15 -2.05250077
542.11408600 1.15 0.42261023
