270.00768600 1.05 -2.02137262
272.68229900 0.80 0.40324038
279.19068000 1.05 -2.02137262
281.71569700 1.20 0.65364438
350.65417600 0.85 -2.02137262
353.12950800 1.05 0.65395938
359.53750300 1.15 -2.02137262
362.26264300 1.20 0.75376738
368.97041100 0.90 -2.02137262
371.44543500 1.00 0.55365138
374.02050500 1.20 3.32872138
380.57861600 1.20 -2.02137262
383.35351000 1.20 0.75352138
452.53412600 1.10 -2.02137262
454.95879900 0.85 0.15330038
523.39817500 1.15 -2.02137262
526.02293500 1.05 0.50338738
528.79793900 1.20 3.42839138
531.72288800 1.20 6.35334038
538.48089800 1.15 -2.02137262
541.20569900 1.10 0.65342838
