1.32623800 1.05 -2.51367310
3.80127900 1.20 0.11136790
10.95924100 1.05 -2.51367310
13.38399500 0.95 -0.18891910
19.79194400 0.80 -2.51367310
22.26716400 1.10 0.26154690
24.79179600 0.85 2.53617890
27.11675900 0.90 4.91114190
33.42489500 0.90 -2.51367310
35.79989800 1.05 0.01132990
104.87238200 1.10 -2.51367310
107.44716300 1.00 -0.03889210
113.80545000 1.15 -2.51367310
116.63034500 1.20 0.36122190
119.50504200 1.00 3.03591890
122.23010300 1.15 5.91097990
128.33806400 1.00 -2.51367310
131.06295400 1.00 0.21121690
133.68803000 1.15 2.98629290
140.14579400 0.85 -2.51367310
