1.67603700 0.90 -1.93320594
4.20086400 0.90 0.59162106
6.57593100 1.00 3.06668806
12.98405600 1.05 -1.93320594
15.65911200 0.95 0.64185006
84.56470200 1.20 -1.93320594
87.38926500 0.90 0.59135706
94.09761500 1.05 -1.93320594
96.82256900 1.15 0.89174806
165.87001700 1.20 -1.93320594
168.44454700 0.85 0.29132406
170.91964600 1.05 2.96642306
173.49455100 1.00 5.49132806
242.70831300 0.80 -1.93320594
244.83356500 1.15 0.54204606
251.59172400 1.20 -1.93320594
254.26619200 0.85 0.39126206
260.52435400 0.85 -1.93320594
