1.57607400 1.00 -2.21619300
3.90126700 1.20 0.30900000
6.62571500 0.80 2.63344800
13.19240300 1.10 -2.21619300
15.76730000 1.10 0.35870400
18.24218600 1.05 2.78359000
24.75862400 1.05 -2.21619300
27.53334800 0.85 0.35853100
30.10832600 0.95 3.03350900
99.20575100 0.95 -2.21619300
101.88080900 1.10 0.60886500
104.70562300 1.00 3.33367900
173.58651900 1.20 -2.21619300
176.51143300 1.20 0.70872100
245.39177600 0.80 -2.21619300
247.51705000 1.15 0.25908100
250.19172700 0.90 2.68375800
319.13107000 1.10 -2.21619300
321.95592100 1.15 0.65865800
328.73062000 1.10 -2.21619300
