331.72160300 0.95 -1.94878586
333.99660700 1.10 0.47621814
336.72165400 1.20 3.30126514
343.17940100 0.95 -1.94878586
345.70450700 1.10 0.72632014
348.37934400 1.00 3.30115714
417.45183100 1.15 -1.94878586
420.17634500 0.80 0.42572814
426.88451500 0.85 -1.94878586
429.05974800 1.15 0.52644714
435.31776100 1.10 -1.94878586
438.14239700 0.85 0.62585014
440.51726500 0.80 2.95071814
446.82574300 1.20 -1.94878586
449.40045200 1.00 0.42592314
517.88113000 0.95 -1.94878586
520.25606100 1.05 0.52614514
526.56421600 1.05 -1.94878586
529.23898500 0.90 0.57598314
531.56397900 0.95 2.95097714
537.77193400 0.85 -1.94878586
540.24706000 1.05 0.72634014
