263.32436000 1.00 -2.38950150
265.79932100 1.05 0.13545950
268.32406400 0.90 2.51020250
270.74919100 1.15 5.18532950
339.77983100 1.10 -2.38950150
342.45485600 1.20 0.38552350
345.27972100 1.20 3.21038850
351.88780400 1.15 -2.38950150
354.61245500 0.95 0.13514950
357.13761100 1.20 2.91030550
426.21787600 0.80 -2.38950150
428.54317300 1.15 0.28579550
435.20098500 0.90 -2.38950150
437.67618600 1.15 0.33569950
443.78416800 1.05 -2.38950150
446.35907000 1.10 0.23540050
449.18368500 0.80 2.76001550
517.81454900 1.10 -2.38950150
520.33954400 1.05 0.08549350
523.11441000 1.05 2.86035950
529.48099000 1.15 -2.38950150
532.30563100 0.90 0.18513950
538.51392000 1.05 -2.38950150
541.23867300 1.00 0.28525150
