1.58409200 1.05 -2.23169276
4.21742300 0.95 0.30163824
6.84222700 0.80 2.77644224
13.21696500 0.80 -2.23169276
15.34232900 1.20 0.29367124
22.26680500 0.95 -2.23169276
24.54167600 0.90 -0.00682176
26.92514200 1.15 2.62664424
95.70568500 1.20 -2.23169276
98.28051200 0.85 -0.00686576
100.60543500 0.90 2.36805724
103.19695500 0.80 4.85957724
109.40536700 1.15 -2.23169276
112.18031700 1.20 0.59325724
181.41934600 1.15 -2.23169276
183.94428400 1.20 0.34324524
186.56896300 1.00 2.76792424
192.78531200 0.95 -2.23169276
195.16043400 1.10 0.29342924
264.39936100 1.00 -2.23169276
267.12439700 1.15 0.64334324
