273.84898500 0.85 -1.93371840
276.27422600 1.20 0.84152260
282.78204200 0.90 -1.93371840
285.00687400 0.85 0.24111360
291.46516000 1.15 -1.93371840
294.04019400 1.10 0.59131560
363.27065500 0.85 -1.93371840
365.69570100 0.95 0.59132760
434.53498300 1.15 -1.93371840
437.25992700 1.20 0.84122560
444.01760400 0.85 -1.93371840
446.54266700 0.95 0.69134460
449.21747400 0.90 3.31615160
455.37573600 1.05 -1.93371840
458.00059500 1.00 0.64114060
460.32571100 1.20 3.16625660
463.20059200 1.20 6.04113760
532.33961200 1.15 -1.93371840
534.96426000 0.90 0.44092960
541.02267200 1.20 -1.93371840
