202.92694500 1.05 -2.36043313
205.55189100 1.15 0.36451287
212.20990900 1.15 -2.36043313
214.98465800 0.90 0.16431587
284.16546700 1.10 -2.36043313
286.99052500 1.20 0.56462487
356.07109200 1.05 -2.36043313
358.74613200 1.20 0.46460687
361.47063400 0.80 2.78910887
430.35143100 0.95 -2.36043313
432.72652000 1.10 0.16465587
435.20137400 1.10 2.63950987
437.97640700 1.10 5.41454287
444.48436100 1.00 -2.36043313
446.85941400 1.15 0.16461987
453.57566600 1.00 -2.36043313
456.20053700 0.95 0.21443787
524.87305800 1.10 -2.36043313
527.39804700 1.20 0.26455587
530.08113300 1.00 2.74764187
532.40613100 1.10 5.17263987
538.51426100 1.15 -2.36043313
541.33881900 0.80 0.11412487
