1.61801400 1.20 -1.88784994
4.14281700 1.15 0.58695306
72.94030100 1.20 -1.88784994
75.76504800 0.95 0.68689706
78.18974600 0.85 3.01159506
84.44808700 1.10 -1.88784994
87.07282400 1.00 0.63688706
93.33109300 1.10 -1.88784994
96.00588800 1.00 0.68694506
164.84482900 0.95 -1.88784994
167.41988800 1.05 0.78720906
236.27563500 1.10 -1.88784994
238.85062700 1.15 0.73714206
241.68366200 0.95 3.37017706
310.40625500 1.15 -1.88784994
313.28119500 1.15 0.98709006
316.00600900 1.05 3.61190406
322.71385000 0.85 -1.88784994
