1.66772500 0.95 -2.34993350
4.24286900 1.15 0.42521050
73.25668900 1.05 -2.34993350
75.78140600 0.85 -0.02521650
78.05660600 1.15 2.54998350
80.58128500 0.85 4.77466250
149.06220500 1.10 -2.34993350
151.68718000 1.10 0.27504150
220.82625300 1.15 -2.34993350
223.55118700 1.15 0.37500050
226.12599900 1.10 2.89981250
294.74827400 1.00 -2.34993350
297.42341900 1.20 0.52521150
300.09795000 0.85 2.84974250
306.55632500 1.15 -2.34993350
309.38125800 1.15 0.47499950
315.93919500 1.05 -2.34993350
318.66422200 1.20 0.52509350
321.38905500 1.10 3.14992650
328.04725500 1.20 -2.34993350
