269.53269700 0.95 -2.14844941
272.05778000 1.10 0.52663359
274.53262300 1.05 2.95147659
343.71325400 0.95 -2.14844941
346.14658100 1.00 0.33487759
352.62086400 0.85 -2.14844941
355.10476800 1.20 0.68545459
361.47921800 0.90 -2.14844941
363.90404000 0.85 0.22637259
369.82076400 1.10 -2.14844941
372.39546600 0.95 0.27625259
374.87060500 1.10 2.90139159
377.59556600 1.20 5.72635259
384.15370100 1.20 -2.14844941
387.02845200 1.10 0.62630159
389.75336800 1.10 3.35121759
458.37554800 0.85 -2.14844941
460.90060000 1.00 0.52660259
529.62291900 0.90 -2.14844941
532.04807400 1.15 0.52670559
538.40611600 1.10 -2.14844941
541.23097100 1.10 0.67640559
