207.22654700 0.95 -2.19424968
210.00166100 1.20 0.58086432
279.23228000 1.20 -2.19424968
282.15719600 1.20 0.73066632
284.68172300 0.80 3.25519332
291.43994100 0.95 -2.19424968
293.96514300 1.20 0.33095232
362.70386500 0.90 -2.19424968
365.22899700 1.20 0.33088232
367.55369100 1.00 2.65557632
436.54278400 1.05 -2.19424968
438.86735100 0.80 0.13031732
507.84015100 1.20 -2.19424968
510.16466400 0.85 0.13026332
516.52272500 0.80 -2.19424968
518.99779700 0.95 0.28082232
521.22256300 0.80 2.50558832
524.09781900 1.15 5.38084432
530.65569300 0.90 -2.19424968
533.33073700 1.10 0.48079432
535.80542500 0.90 2.95548232
542.16347300 0.90 -2.19424968
