1.71773700 0.90 -2.02771583
3.99256300 0.85 0.19711017
72.49847400 1.10 -2.02771583
75.27304100 0.95 0.59685117
81.48132400 0.95 -2.02771583
83.90631800 1.10 0.54727817
152.64511100 0.85 -2.02771583
154.92031400 1.15 0.54748717
161.27813800 0.90 -2.02771583
163.80337100 1.20 0.79751717
170.56124700 1.05 -2.02771583
173.28628700 1.20 0.84732417
176.01078600 0.80 3.17182317
178.43572100 0.80 5.59675817
184.59401600 1.05 -2.02771583
187.21905400 1.15 0.69732217
189.69398700 1.20 3.22225517
196.40180800 0.95 -2.02771583
