331.63821900 0.90 -1.92598236
334.11311000 0.90 0.54890864
340.27136800 1.05 -1.92598236
342.69629800 1.05 0.49894764
411.88529900 1.10 -1.92598236
414.66007700 1.05 0.79879564
417.03515100 1.20 3.32386964
486.12384700 0.85 -1.92598236
488.39875500 0.85 0.34892564
494.30719200 1.20 -1.92598236
496.88173200 0.85 0.29855764
503.14011100 1.15 -1.92598236
505.66482100 0.95 0.39872764
508.03983500 1.05 2.87374164
514.54808200 1.20 -1.92598236
517.47280300 1.05 0.84873864
520.09755400 0.90 3.32348964
526.60589600 1.20 -1.92598236
529.33049400 0.85 0.44861564
531.80560300 1.05 3.12372464
538.61369900 1.10 -1.92598236
541.13848000 1.00 0.49879864
