1.42592600 0.90 -1.93680516
3.90103900 1.10 0.73830784
6.62583900 0.95 3.31310784
75.62329000 1.15 -1.93680516
78.44822600 1.20 0.93813084
84.95609900 0.95 -1.93680516
87.53121400 1.10 0.78830984
94.08931600 1.15 -1.93680516
96.71397000 0.90 0.43784884
99.18888600 0.95 2.96276484
167.82810000 1.15 -1.93680516
170.65277100 0.95 0.68786584
177.16085300 0.95 -1.93680516
179.53594700 1.20 0.68828884
248.72444200 0.80 -1.93680516
251.24967200 1.00 0.78842484
253.87462000 1.05 3.46337284
322.97210000 1.20 -1.93680516
325.59692400 1.20 0.68801884
