264.32436000 1.00 -2.38950150
266.84932100 1.05 0.13545950
269.22406400 0.90 2.51020250
271.89919100 1.15 5.18532950
340.87983100 1.10 -2.38950150
343.65485600 1.20 0.38552350
346.47972100 1.20 3.21038850
353.03780400 1.15 -2.38950150
355.56245500 0.95 0.13514950
358.33761100 1.20 2.91030550
427.01787600 0.80 -2.38950150
429.69317300 1.15 0.28579550
436.10098500 0.90 -2.38950150
438.82618600 1.15 0.33569950
444.83416800 1.05 -2.38950150
447.45907000 1.10 0.23540050
449.98368500 0.80 2.76001550
518.91454900 1.10 -2.38950150
521.38954400 1.05 0.08549350
524.16441000 1.05 2.86035950
530.63099000 1.15 -2.38950150
533.20563100 0.90 0.18513950
539.56392000 1.05 -2.38950150
542.23867300 1.00 0.28525150
