1.31751200 0.95 -2.15781421
3.69263600 1.20 0.46730979
73.08995800 1.20 -2.15781421
75.86455400 0.90 0.31678179
81.77248000 0.80 -2.15781421
84.04763800 1.20 0.51734379
90.65592600 1.20 -2.15781421
93.38079600 1.15 0.51705579
95.90552900 1.00 2.89178879
164.83618100 1.00 -2.15781421
167.31122500 1.10 0.41722979
169.88603300 1.05 2.94203779
172.36107400 1.15 5.51707879
179.06915400 1.20 -2.15781421
181.99376400 0.95 0.51679579
184.26886700 1.10 2.94189879
253.30755300 0.80 -2.15781421
255.58256000 0.90 0.21719279
324.46342000 1.10 -2.15781421
