272.90726700 1.00 -1.99755933
275.13207400 0.90 0.22724767
344.22109200 0.85 -1.99755933
346.94610700 1.05 0.72745567
353.45438300 1.05 -1.99755933
356.22931700 1.20 0.77737467
358.85397200 1.00 3.40202967
365.41202800 1.00 -1.99755933
367.88695100 1.00 0.47736367
373.89498900 0.95 -1.99755933
376.77017800 1.20 0.87762967
379.44499500 1.15 3.55244667
448.32563400 1.05 -1.99755933
451.00059400 1.20 0.67740067
520.03941000 1.00 -1.99755933
522.51435800 1.05 0.47738867
524.98923700 1.00 2.95226767
531.34737000 1.10 -1.99755933
533.97231600 1.10 0.62738667
536.54697200 0.85 3.20204267
542.55515100 0.95 -1.99755933
