271.29893600 1.00 -2.04397410
273.77364300 0.80 0.23073290
342.50468800 1.15 -2.04397410
345.02930200 0.95 0.28063990
414.26009300 1.05 -2.04397410
416.98510900 1.15 0.78104190
423.44309300 1.05 -2.04397410
426.06812300 1.15 0.68105590
432.62581900 0.80 -2.04397410
435.05091500 1.00 0.58112190
437.47592100 1.10 3.10612790
444.28396600 1.05 -2.04397410
447.00869000 0.90 0.53074990
449.38372100 1.00 3.00578090
451.90846600 0.85 5.38052590
458.46657900 0.90 -2.04397410
461.09143700 0.80 0.48088390
467.44954800 0.90 -2.04397410
469.67477700 1.20 0.48125490
472.34937300 0.90 2.85585090
541.03851500 1.05 -2.04397410
