1.42637600 1.20 -1.85130361
4.15115500 1.15 0.82347539
73.45678200 1.15 -1.85130361
76.33157900 0.95 0.82349339
78.85649700 1.05 3.44841139
148.05388600 1.05 -1.85130361
150.77858000 0.85 0.67339039
153.10363300 1.00 3.14844339
222.24250600 0.90 -1.85130361
224.86733100 0.80 0.67352139
231.22534300 0.80 -1.85130361
233.55062800 1.15 0.82398139
236.02521200 0.80 2.94856539
304.65600600 0.90 -1.85130361
307.23096600 1.00 0.82365639
313.98906300 1.05 -1.85130361
316.61385700 0.90 0.62349039
322.52214500 1.10 -1.85130361
