272.89094200 1.05 -1.83493525
275.66586300 1.10 0.98998575
282.62394200 1.10 -1.83493525
285.44877500 1.05 0.93989775
354.17949100 1.00 -1.83493525
356.90417700 0.80 0.68975075
425.72663000 0.90 -1.83493525
428.05181300 1.20 0.79024775
434.25983100 1.05 -1.83493525
436.83457000 0.85 0.53980375
443.19282600 1.05 -1.83493525
445.71776100 1.10 0.73999975
448.49261000 1.05 3.46484875
450.96742100 0.95 5.83965975
457.17569600 1.10 -1.83493525
459.75058200 1.15 0.78995075
466.55853700 0.95 -1.83493525
469.23363700 1.20 1.09016475
538.61420500 0.95 -1.83493525
540.88924800 1.15 0.64010775
