273.81567400 0.80 -1.65367835
276.24099900 1.20 1.17164665
345.66332500 1.10 -1.65367835
348.38794300 0.80 0.77093965
350.76313400 1.10 3.44613065
357.37105400 0.90 -1.65367835
359.89583400 0.80 0.77110165
428.52687700 1.00 -1.65367835
431.25171100 1.00 1.07115565
433.62645800 0.80 3.24590265
502.30743500 1.00 -1.65367835
504.73216800 0.85 0.62105465
511.34043100 1.00 -1.65367835
514.01529800 0.95 0.97118865
520.32351400 1.10 -1.65367835
522.84853900 1.20 0.97134665
529.60647100 1.10 -1.65367835
532.03141200 1.10 0.77126265
538.83944400 1.05 -1.65367835
541.41449800 1.20 1.07137565
