2.51765700 0.90 -1.96977789
5.29278300 1.20 0.80534811
11.95095000 1.20 -1.96977789
14.43387300 0.90 0.51314511
21.10063600 0.95 -1.96977789
23.77541800 1.15 0.70500411
25.89996700 0.80 2.82955311
28.62519200 1.10 5.55477811
34.58322100 1.05 -1.96977789
36.90804100 0.95 0.35504211
43.31622400 1.05 -1.96977789
45.64093200 0.85 0.35493011
48.26610800 1.10 2.98010611
117.41331000 0.90 -1.96977789
120.18830400 1.15 0.80521611
126.94657000 1.20 -1.96977789
129.77144800 1.20 0.85510011
136.42953900 1.20 -1.96977789
