206.36846200 1.05 -2.27490623
209.09312400 0.80 0.19975577
277.97419900 1.15 -2.27490623
280.79890100 0.95 0.34979577
283.22367000 0.80 2.62456477
352.11282600 0.90 -2.27490623
354.73768200 0.85 0.29994977
360.94579100 0.85 -2.27490623
363.17098700 1.15 0.25028977
432.11008600 1.20 -2.27490623
434.63489200 1.10 0.14989977
437.15962400 1.00 2.57463177
439.83471500 1.10 5.34972277
509.01512800 0.85 -2.27490623
511.49040600 1.20 0.55037177
518.49820800 0.95 -2.27490623
520.87309300 0.95 0.09997877
523.24820500 1.10 2.62509077
525.77308100 1.10 5.14996677
532.43083100 0.80 -2.27490623
534.85587500 0.90 0.25013777
541.46409100 1.00 -2.27490623
