1.36783500 1.00 -1.82352294
3.89283800 1.15 0.85148006
72.79852100 1.10 -1.82352294
75.22354700 1.15 0.65150306
81.78146900 1.00 -1.82352294
84.30646000 1.10 0.80146806
91.06460300 1.15 -1.82352294
93.78951400 1.15 0.90138806
100.09737200 0.90 -1.82352294
102.37216500 0.80 0.35127006
170.86159200 1.10 -1.82352294
173.38659900 1.20 0.80148406
176.06118300 0.90 3.17606806
178.68624100 1.05 5.95112606
247.45880900 1.15 -1.82352294
249.98357900 1.05 0.60124706
256.59176000 1.15 -1.82352294
259.16643200 0.90 0.50114906
