1.56742700 0.85 -2.16574179
3.74264300 1.00 0.15947421
9.70087900 1.10 -2.16574179
12.42599700 1.05 0.50937621
18.98383700 1.05 -2.16574179
21.55879100 1.15 0.50921221
24.03371800 1.15 2.98413921
93.13935600 1.10 -2.16574179
95.96429500 1.05 0.60919721
165.10346000 1.20 -2.16574179
167.67835600 1.15 0.35915421
170.15324900 1.20 2.88404721
172.82779400 0.80 5.15859221
241.35893900 1.20 -2.16574179
244.28372600 1.15 0.70904521
313.05588300 0.85 -2.16574179
315.43116300 1.15 0.50953821
318.05578300 0.95 2.93415821
324.31422900 1.20 -2.16574179
