394.92817400 1.20 -2.37952486
397.75302800 1.15 0.44532914
400.37782800 1.05 3.07012914
406.28564800 0.80 -2.37952486
408.71073100 0.90 0.04555814
411.23588100 1.10 2.57070814
413.81075200 1.10 5.14557914
420.26867200 0.95 -2.37952486
422.84387800 1.20 0.19568114
491.48268300 0.95 -2.37952486
494.05775200 1.10 0.19554414
500.46576900 1.05 -2.37952486
503.39075400 1.20 0.54546014
509.69885600 1.10 -2.37952486
512.47382600 1.20 0.39544514
519.28185700 1.15 -2.37952486
521.85676400 1.20 0.19538214
524.53159000 1.10 2.87020814
527.00643100 1.05 5.34504914
533.23097100 0.85 -2.37952486
536.00614600 1.10 0.39565014
542.47265300 1.15 -2.37952486
