1.31764600 0.85 -2.24618175
3.74257900 1.00 0.32875125
6.36769200 1.20 3.15386425
12.82585700 1.20 -2.24618175
15.75050700 1.00 0.47846825
22.01713300 1.15 -2.24618175
24.64170800 0.85 0.07839325
27.21696400 1.20 3.00364925
96.38057100 0.80 -2.24618175
98.85592700 1.20 0.62917425
105.46380300 0.95 -2.24618175
107.98847100 1.05 0.37848625
110.66385500 1.20 3.20387025
113.18874800 1.20 5.72876325
119.84661800 1.00 -2.24618175
122.52144400 0.90 0.32864425
128.37968800 1.05 -2.24618175
131.05443800 0.90 0.27856825
137.41269100 1.05 -2.24618175
139.88769400 1.20 0.37882125
