202.24350000 1.15 -2.45721258
204.86834600 1.15 0.16763342
207.49332300 1.15 2.79261042
209.71789600 0.85 5.01718342
216.17635500 1.20 -2.45721258
218.85129500 1.20 0.21772742
225.21755400 1.10 -2.45721258
227.59219400 0.80 -0.08257258
230.16739700 1.10 2.49263042
298.80618600 1.00 -2.45721258
301.58133500 1.20 0.31793642
308.48933400 1.10 -2.45721258
310.96419600 1.10 0.01764942
313.53911700 1.10 2.59257042
320.09690400 0.85 -2.45721258
322.82200800 1.05 0.26789142
325.34704900 1.15 2.79293242
328.02177500 1.00 5.46765842
397.19405900 1.00 -2.45721258
399.71882300 0.85 0.06755142
468.66617100 0.85 -2.45721258
471.09113500 0.95 -0.03224858
539.77997700 0.80 -2.45721258
542.25494900 0.85 0.01775942
