2.32611900 1.00 -2.03651328
5.15937500 1.10 0.79674272
74.01465700 0.80 -2.03651328
76.48998000 1.15 0.43880972
145.12063900 1.10 -2.03651328
147.69559400 1.20 0.53844172
150.27016800 0.90 3.11301572
153.04532200 1.10 5.88816972
159.20309100 0.85 -2.03651328
161.57817100 1.00 0.33856672
167.73615600 0.95 -2.03651328
170.36114900 0.95 0.58847972
177.06953100 1.20 -2.03651328
179.79418100 1.00 0.68813672
186.05226400 1.05 -2.03651328
188.77726800 1.10 0.68849072
191.30203000 1.00 3.21325272
260.27438100 1.00 -2.03651328
