1.71764000 1.00 -2.02492468
4.44260200 0.95 0.65003732
6.71740600 0.85 2.82484132
12.93404900 1.00 -2.02492468
15.35908400 1.15 0.55011032
22.06704300 1.00 -2.02492468
24.39207400 1.15 0.45010632
30.90846700 1.10 -2.02492468
33.68324100 1.00 0.64984932
102.38074400 1.15 -2.02492468
105.00551500 1.05 0.49984632
111.96346500 0.90 -2.02492468
114.58858500 1.10 0.80019532
117.36317000 0.85 3.32478032
119.83803000 0.85 5.79964032
126.44610600 0.80 -2.02492468
128.57108200 0.85 0.15005132
197.46843400 0.90 -2.02492468
200.04329800 0.85 0.49993932
