143.12874000 0.80 -2.38174577
145.55390600 1.05 0.29342023
148.27865200 0.95 2.91816623
150.95360000 1.05 5.69311423
219.89256000 0.90 -2.38174577
222.41735400 0.80 0.04304823
291.39839800 1.20 -2.38174577
294.12322700 1.15 0.29308323
296.84803900 1.05 2.91789523
299.62270900 0.80 5.44256523
368.41206200 1.00 -2.38174577
371.13677800 1.00 0.34297023
440.07555700 0.80 -2.38174577
442.60088500 1.20 0.54358223
449.40890200 1.20 -2.38174577
452.13379300 1.15 0.29314523
521.17250000 0.90 -2.38174577
523.39778000 1.20 0.14353423
526.12229800 0.85 2.51805223
532.48054900 1.10 -2.38174577
534.95543000 1.00 -0.00686477
541.31373200 1.20 -2.38174577
