1.059920006  
11.11125317  
0.6565142016  
5.375076177  
3.18294659  
8.002937652  
-3.494586588  
2.901248647  
11.22723244  
-10.39349838  
2.1652628  
7.551176759  
-2.446497474  
5.497320882  
5.841572869  
-0.6607566486  
4.89772807  
6.630864718  
-0.3820952565  
7.94504038  
-0.1077974001  
6.716487688  
-0.8700286153  
9.36150825  
8.711774899  
0.762660864  
3.696158726  
10.77623902  
-4.835729913  
7.106897829  
-2.814924446  
4.893168578  
-4.929183503  
10.08599327  
10.96606977  
0.1118203274  
0.1392332529  
7.621213008  
2.432458616  
5.50134096  
3.543326224  
5.071128134  
5.169218404  
3.953173688  
2.23561709  
4.043795546  
1.435467205  
-8.306102184  
-0.1441130551  
2.465520911  
6.412986647  
-3.695450345  
1.314206889  
2.53974861  
7.862266319  
0.5611834937  
4.934193002  
5.05701289  
3.019742762  
