0.06572291081  
-0.03327324869  
-0.06839690229  
-0.0878384732  
-0.2451384393  
0.1239922678  
-0.02929433651  
-0.1382126457  
-0.1402312585  
-0.004081005054  
-0.1815631398  
-0.1413959931  
-0.3227761219  
-0.2310480082  
-0.05358309087  
0.08653943849  
-0.1261827779  
-0.06001793592  
-0.2454105018  
0.07650334562  
-0.04687311611  
-0.2564605018  
-0.07424730757  
-0.004890656386  
-0.02951389532  
-0.006913718826  
0.1341488937  
0.1144330017  
-0.5931089623  
-0.2254455107  
0.1127288214  
0.1157364048  
0.01307852015  
-0.004541886317  
0.02112624709  
0.15792306  
0.1410032619  
-0.1114864795  
0.01513977952  
-0.05765200138  
0.007935569753  
-0.06876338826  
-0.0005840988948  
-0.07629340928  
0.12405021  
0.04278340312  
-0.02260332133  
0.05836878727  
-0.01979354457  
0.07916310343  
-0.1789953892  
-0.1585764891  
0.0700903573  
-0.09921856854  
-0.2393433193  
-0.06669732016  
0.07687142437  
-0.004821913845  
-0.1570594302  
