2.405274655  
-1.108001041  
-2.740916433  
-4.439034313  
-14.15586241  
5.323930245  
-2.400035563  
-6.931866566  
-6.656759326  
0.2624887309  
-5.957507623  
-5.044370164  
-22.57509002  
-13.32804413  
-2.738481965  
3.676691646  
-4.839083413  
-2.291299097  
-10.94166993  
5.342742673  
-1.690679155  
-12.17936754  
-1.715194537  
0.08738639816  
1.743875155  
-0.1229755715  
6.67228621  
7.48869659  
-22.21214145  
-9.594828829  
8.91935247  
6.426395315  
1.395283825  
-1.046341756  
0.8667197871  
7.459093067  
4.167401856  
-7.62523933  
1.402935522  
-1.804319468  
0.2245443967  
-4.162325489  
-0.41347162  
-1.666297684  
4.923332265  
3.125609015  
-1.079328929  
3.376575015  
-1.630789423  
5.99703584  
-8.947166856  
-9.06312607  
6.382051433  
-2.576420487  
-8.362900324  
-4.208011043  
2.994351011  
0.5144623566  
-6.775364811  
