-0.1488492908  
-1.625866951  
1.779125205  
-1.487385885  
-3.598612111  
-0.4640211498  
-3.957561098  
1.421205169  
5.377896208  
2.861553472  
0.1919689851  
-3.784380326  
1.310919081  
1.242294874  
-1.586968979  
3.698576313  
-0.8252082187  
-4.867367901  
1.906958759  
0.2470747169  
-0.8967010893  
1.886956753  
-1.88128939  
2.561043805  
1.864620842  
1.143176157  
-0.3240855738  
-0.4012142807  
-3.596242193  
-1.696105601  
3.3813548  
-0.3461799262  
-3.785699506  
1.736752194  
1.631703612  
1.072799682  
1.14632042  
-2.501684297  
-1.843980456  
2.456211547  
3.448447597  
-3.997721014  
1.293434858  
5.671013013  
-0.1172581533  
2.519319663  
3.047931692  
6.607715681  
-0.1071410535  
-3.291193153  
1.231147366  
-3.276430597  
-0.6339825017  
0.6873880124  
-0.5737189833  
4.341847315  
-0.7195855265  
6.253442932  
-0.9507537857  
