  1   1 -0.228
  1   1 -0.228
  1   1 -0.221
  1   1 -0.220
  1   1 -0.209
  1   1 -0.235
  1   1 -0.221
  1   1 -0.217
  1   1 -0.223
  1   1 -0.222
  1   1 -0.214
  1   1 -0.220
  1   1 -0.202
  1   1 -0.211
  1   1 -0.224
  1   1 -0.231
  1   1 -0.218
  1   1 -0.221
  1   1 -0.210
  1   1 -0.234
  1   1 -0.222
  1   1 -0.211
  1   1 -0.221
  1   1 -0.231
  1   1 -0.223
  1   1 -0.227
  1   1 -0.235
  1   1 -0.236
  1   1 -0.183
  1   1 -0.212
  1   1 -0.231
  1   1 -0.234
  1   1 -0.225
  1   1 -0.227
  1   1 -0.228
  1   1 -0.237
  1   1 -0.236
  1   1 -0.219
  1   1 -0.227
  1   1 -0.223
  1   1 -0.229
  1   1 -0.221
  1   1 -0.230
  1   1 -0.224
  1   1 -0.235
  1   1 -0.230
  1   1 -0.227
  1   1 -0.229
  1   1 -0.222
  1   1 -0.233
  1   1 -0.213
  1   1 -0.215
  1   1 -0.228
  1   1 -0.221
  1   1 -0.214
  1   1 -0.221
  1   1 -0.231
  1   1 -0.227
  1   1 -0.217
