  1   1 0.420
  1   1 0.377
  1   1 0.400
  1   1 0.420
  1   1 0.406
  1   1 0.424
  1   1 0.399
  1   1 0.406
  1   1 0.392
  1   1 0.398
  1   1 0.405
  1   1 0.396
  1   1 0.397
  1   1 0.392
  1   1 0.404
  1   1 0.429
  1   1 0.400
  1   1 0.394
  1   1 0.395
  1   1 0.400
  1   1 0.401
  1   1 0.408
  1   1 0.390
  1   1 0.409
  1   1 0.397
  1   1 0.403
  1   1 0.397
  1   1 0.388
  1   1 0.432
  1   1 0.393
  1   1 0.393
  1   1 0.411
  1   1 0.400
  1   1 0.416
  1   1 0.409
  1   1 0.386
  1   1 0.401
  1   1 0.408
  1   1 0.407
  1   1 0.411
  1   1 0.393
  1   1 0.390
  1   1 0.390
  1   1 0.383
  1   1 0.381
  1   1 0.404
  1   1 0.384
  1   1 0.384
  1   1 0.407
  1   1 0.372
  1   1 0.390
  1   1 0.403
  1   1 0.412
  1   1 0.409
  1   1 0.422
  1   1 0.409
  1   1 0.421
  1   1 0.413
  1   1 0.390
