  1   1 0.082
  1   1 0.097
  1   1 0.102
  1   1 0.102
  1   1 0.075
  1   1 0.097
  1   1 0.090
  1   1 0.105
  1   1 0.084
  1   1 0.089
  1   1 0.103
  1   1 0.112
  1   1 0.120
  1   1 0.123
  1   1 0.091
  1   1 0.090
  1   1 0.103
  1   1 0.107
  1   1 0.132
  1   1 0.088
  1   1 0.102
  1   1 0.098
  1   1 0.097
  1   1 0.058
  1   1 0.095
  1   1 0.100
  1   1 0.097
  1   1 0.080
  1   1 0.055
  1   1 0.096
  1   1 0.093
  1   1 0.066
  1   1 0.079
  1   1 0.088
  1   1 0.068
  1   1 0.081
  1   1 0.074
  1   1 0.092
  1   1 0.084
  1   1 0.077
  1   1 0.067
  1   1 0.120
  1   1 0.072
  1   1 0.087
  1   1 0.096
  1   1 0.079
  1   1 0.104
  1   1 0.106
  1   1 0.084
  1   1 0.077
  1   1 0.101
  1   1 0.072
  1   1 0.077
  1   1 0.070
  1   1 0.108
  1   1 0.105
  1   1 0.091
  1   1 0.075
  1   1 0.056
