  1   1 0.089
  1   1 0.097
  1   1 0.082
  1   1 0.097
  1   1 0.106
  1   1 0.090
  1   1 0.104
  1   1 0.083
  1   1 0.068
  1   1 0.077
  1   1 0.089
  1   1 0.113
  1   1 0.084
  1   1 0.085
  1   1 0.099
  1   1 0.066
  1   1 0.092
  1   1 0.114
  1   1 0.080
  1   1 0.090
  1   1 0.095
  1   1 0.084
  1   1 0.101
  1   1 0.076
  1   1 0.082
  1   1 0.082
  1   1 0.091
  1   1 0.090
  1   1 0.110
  1   1 0.097
  1   1 0.078
  1   1 0.089
  1   1 0.110
  1   1 0.083
  1   1 0.085
  1   1 0.081
  1   1 0.082
  1   1 0.100
  1   1 0.095
  1   1 0.074
  1   1 0.069
  1   1 0.107
  1   1 0.078
  1   1 0.060
  1   1 0.091
  1   1 0.075
  1   1 0.076
  1   1 0.065
  1   1 0.086
  1   1 0.102
  1   1 0.092
  1   1 0.102
  1   1 0.093
  1   1 0.083
  1   1 0.098
  1   1 0.078
  1   1 0.092
  1   1 0.067
  1   1 0.096
