  1   1 0.378
  1   1 0.370
  1   1 0.383
  1   1 0.373
  1   1 0.385
  1   1 0.368
  1   1 0.388
  1   1 0.381
  1   1 0.376
  1   1 0.398
  1   1 0.380
  1   1 0.373
  1   1 0.390
  1   1 0.381
  1   1 0.372
  1   1 0.385
  1   1 0.375
  1   1 0.369
  1   1 0.390
  1   1 0.373
  1   1 0.385
  1   1 0.384
  1   1 0.391
  1   1 0.378
  1   1 0.378
  1   1 0.385
  1   1 0.374
  1   1 0.367
  1   1 0.403
  1   1 0.373
  1   1 0.382
  1   1 0.375
  1   1 0.398
  1   1 0.370
  1   1 0.370
  1   1 0.381
  1   1 0.384
  1   1 0.374
  1   1 0.381
  1   1 0.373
  1   1 0.377
  1   1 0.375
  1   1 0.373
  1   1 0.382
  1   1 0.381
  1   1 0.378
  1   1 0.388
  1   1 0.396
  1   1 0.381
  1   1 0.389
  1   1 0.375
  1   1 0.393
  1   1 0.377
  1   1 0.379
  1   1 0.372
  1   1 0.386
  1   1 0.371
  1   1 0.378
  1   1 0.380
