  1   1 0.038
  1   1 0.044
  1   1 0.050
  1   1 0.057
  1   1 0.036
  1   1 0.055
  1   1 0.045
  1   1 0.046
  1   1 0.075
  1   1 0.035
  1   1 0.011
  1   1 0.010
  1   1 0.058
  1   1 0.023
  1   1 0.063
  1   1 0.054
  1   1 0.039
  1   1 0.051
  1   1 0.029
  1   1 0.070
  1   1 0.040
  1   1 0.058
  1   1 0.075
  1   1 0.050
  1   1 0.063
  1   1 0.033
  1   1 0.070
  1   1 0.030
  1   1 0.058
  1   1 0.043
  1   1 0.054
  1   1 0.085
  1   1 0.055
  1   1 0.064
  1   1 0.075
  1   1 0.100
  1   1 0.056
  1   1 0.026
  1   1 0.057
  1   1 0.079
  1   1 0.098
  1   1 0.063
  1   1 0.057
  1   1 0.039
  1   1 0.056
  1   1 0.048
  1   1 0.090
  1   1 0.091
  1   1 0.077
  1   1 0.049
  1   1 0.046
  1   1 0.068
  1   1 0.043
  1   1 0.076
  1   1 0.072
  1   1 0.053
  1   1 0.091
  1   1 0.089
  1   1 0.045
