262.36591300 1.10 1
264.84073700 0.90 1
267.11580400 1.05 1
269.74078700 1.15 1
276.09853400 0.80 1
278.57343500 0.80 1
284.98173400 1.00 1
287.65657100 0.95 1
356.69536900 0.80 1
359.07038400 0.95 1
361.49562700 1.20 1
364.17015800 0.85 1
370.12825700 0.85 1
372.35321600 0.90 1
374.87819100 0.95 1
377.20326700 1.15 1
446.33366900 0.90 1
448.90888000 1.20 1
451.73372800 1.15 1
458.54988000 0.85 1
460.87496300 1.10 1
467.38301200 1.05 1
470.10805100 1.20 1
539.33823300 0.80 1
541.86332900 0.90 1
