383.51679500 1.10 1
386.14399000 1.00 1
388.52069400 1.10 1
391.34767200 1.10 1
398.11895600 1.00 1
400.60392800 0.90 1
407.22543200 1.15 1
409.96071200 1.20 1
412.84579300 0.95 1
481.76005100 1.15 1
484.63721600 0.95 1
487.07216300 0.85 1
489.54913000 1.10 1
496.02008600 0.90 1
498.49669400 0.85 1
500.87366300 1.20 1
507.69513900 1.15 1
510.22155600 0.95 1
516.24218500 0.95 1
518.66926900 1.05 1
521.45445600 0.95 1
527.58385600 1.10 1
530.36085500 1.20 1
533.28786800 1.20 1
540.15929000 1.15 1
542.83535400 0.80 1
