0.08232896145  
0.03890841658  
-0.05111140891  
0.005674002008  
0.08359976538  
0.003550590997  
0.009483619444  
0.01441983554  
-8.331767287e-05  
0.09375905575  
-0.01419823427  
0.0482021739  
-0.02168111092  
0.07461349361  
-0.02529915499  
0.1375688727  
-0.02376783008  
-0.04432393078  
0.0005801005665  
-0.02373275326  
0.02064920513  
-0.05434319696  
0.08261228859  
0.0471168428  
0.06065669231  
-0.06394557466  
0.08125862318  
0.03240951678  
0.006336131073  
-0.06304292256  
0.03046919012  
0.07563769368  
-0.01189102751  
-0.01311700937  
-0.002571570783  
-0.02308182938  
0.008839236657  
0.02790852868  
-0.01366755347  
-0.0880614506  
-0.00431077715  
0.007049563369  
-0.07220317505  
-0.004736598424  
0.002282728825  
0.02528408981  
0.006716497072  
-0.08442372836  
0.07996800579  
0.08718634176  
0.001796051976  
0.1029135868  
-0.01543139214  
0.01135042993  
0.01010231295  
-0.01675351455  
-0.0256616136  
0.02059296263  
0.06110656817  
