0.02621859738  
-0.08262305744  
0.007873518377  
-0.07055170699  
0.2171704766  
-0.02670599583  
-0.02383255064  
-0.01101576519  
0.03416014714  
-0.1200010251  
0.023137231  
0.07849991218  
-0.08144355548  
0.1202476968  
0.2094608692  
-0.09517758146  
-0.09879223996  
0.007585273209  
0.002116101752  
0.218810232  
-0.003344159461  
0.09833797053  
-0.08806859469  
-0.03258658145  
-0.01878047136  
-0.0992407836  
-0.06596819365  
0.156019124  
0.03882011146  
0.0834035628  
0.0156143921  
0.1703201709  
0.07338086629  
-0.08635806282  
0.07233957159  
0.1259713872  
0.05691204733  
0.06966561755  
-0.02988578716  
-0.08322275264  
0.01918031235  
0.001569349142  
0.1350037982  
0.06393034223  
-0.001335154385  
-0.06165229025  
-0.05795002443  
0.01015532744  
-0.1480530561  
-0.1048037863  
-0.06752018656  
0.09247313865  
0.1351397912  
-0.07150938677  
-0.1059767939  
0.008633757699  
-0.08034056352  
0.026426785  
-0.04540531704  
