-0.003533419458  
-0.02512170995  
0.03237126994  
-0.03338347413  
-0.06696624733  
-0.00388428249  
-0.06845596196  
0.0295097424  
0.1029250115  
0.005406516448  
-0.09023535339  
0.02376689162  
0.02197224466  
-0.03673390682  
0.09679740374  
-0.01086073108  
-0.1065455334  
0.04389289113  
0.001040295677  
-0.02714018687  
0.02820151572  
-0.04885754924  
0.06552311734  
0.03014068115  
0.03490650701  
-0.01079093378  
-0.002697624849  
-0.08240294546  
-0.02732425942  
0.04373039451  
0.0006238553118  
-0.09182839389  
0.02915691538  
0.01787835932  
0.03490268912  
0.03109245225  
-0.04263306315  
-0.02745682688  
0.0695909557  
0.06829837519  
0.08858795761  
-0.07393437378  
0.05326299571  
0.1285597646  
-0.009605203224  
0.06321766095  
0.05958865494  
0.1006208633  
0.01097021152  
-0.0521117529  
-0.00930714684  
-0.05306079131  
-0.02180665215  
0.03074701003  
-0.0252659422  
0.05038564712  
-0.01467283955  
0.09587557239  
-0.02304178946  
