-0.01763121408  
-0.3023065485  
0.04992438331  
0.001694611027  
-0.08190734383  
-0.2568569389  
0.03146865841  
0.0545618703  
-0.09947286843  
0.07052274911  
-0.2136439522  
0.253008344  
-0.1696361552  
0.08561937502  
-0.01816099392  
0.00885862014  
-0.4027957123  
0.01963650141  
0.002886740898  
-0.1400584567  
0.1506336709  
-0.07220809352  
-0.08030842183  
0.07456090366  
0.1780655236  
-0.04439339876  
-0.1021792057  
0.1448169927  
-0.0877047146  
0.03458076442  
0.01038604784  
-0.09478814876  
0.08314011807  
-0.02336753188  
0.00370665932  
-0.02518309647  
-0.07078873754  
0.06237267902  
0.0271403097  
-0.1250575185  
-0.2128890088  
0.06694489412  
0.02460404216  
0.04172159226  
-0.2981395941  
-0.1392031496  
0.07291779427  
-0.03564644144  
-0.04591894521  
-0.1464609165  
-0.01726453409  
0.009063869596  
-0.02967202452  
-0.05788371151  
0.08481008484  
-0.07455739098  
-0.0539998614  
-0.01021491931  
0.120519708  
