0.01796744816  
0.2112325714  
0.02165033512  
0.1104961106  
0.02559305706  
0.1607867541  
-0.07528294647  
0.05962115152  
0.2011292261  
0.07318013408  
0.182379292  
-0.03529810061  
0.08431732902  
0.153697451  
-0.02235992999  
0.1169841321  
0.1446141624  
-0.00844526591  
0.1387743729  
-0.01268228582  
0.07889592462  
-0.04265961406  
0.1421091428  
0.06095720676  
0.02344555947  
0.09112141839  
0.1919701127  
-0.1289490135  
0.1593939518  
-0.02676807043  
0.07397620745  
-0.1545421607  
0.1569519575  
0.136763333  
0.01206970122  
-0.003014506516  
0.1151721241  
0.02879108275  
0.1389957299  
0.1674425827  
0.09959948465  
0.09427137354  
0.1767990724  
0.08660639626  
0.03822006897  
0.0816109164  
0.01597423608  
-0.1193288366  
0.007259165962  
-0.01804960538  
0.1106310471  
-0.05383620206  
0.02454724623  
0.09804849116  
0.2177242486  
-0.004751947669  
0.1182448668  
0.07895772503  
0.1023100877  
