145.23395700 1.10 -2.09628900
147.61094000 1.05 0.28069400
216.42488300 1.20 -2.09628900
218.90202100 1.15 0.38084900
225.62331400 1.20 -2.09628900
228.09993200 0.85 0.38032900
230.62670300 0.95 2.90710000
237.39805200 1.05 -2.09628900
239.97486800 0.95 0.48052700
246.44599400 0.90 -2.09628900
248.92275200 1.00 0.38046900
251.50787400 1.05 2.96559100
320.63858400 0.90 -2.09628900
323.27419300 1.00 0.53932000
392.28821500 0.95 -2.09628900
395.11560500 1.20 0.73110100
397.59223600 0.80 3.20773200
400.27754500 1.05 5.89304100
469.23320100 1.20 -2.09628900
471.66014800 0.80 0.33065800
541.01614700 1.05 -2.09628900
543.50162600 1.00 0.38919000
