2.47683200 1.10 -2.01076667
4.86215500 0.95 0.37455633
11.62519300 0.95 -2.01076667
14.21039500 1.20 0.57443533
16.74537200 0.85 3.10941233
18.97192800 0.90 5.33596833
88.38632600 1.15 -2.01076667
91.22202700 1.15 0.82493433
97.58478300 1.15 -2.01076667
99.96135100 0.95 0.36580133
169.32567900 1.10 -2.01076667
172.10302300 1.15 0.76657733
174.67980300 1.10 3.34335733
180.85904800 0.85 -2.01076667
183.49423100 1.15 0.62441633
252.60824400 0.90 -2.01076667
255.38568500 1.20 0.76667433
261.59831100 1.15 -2.01076667
