207.32687900 1.05 -2.36115127
210.06246600 1.00 0.37443573
212.84782100 1.20 3.15979073
215.07420600 0.85 5.38617573
283.94650500 0.95 -2.36115127
286.67351600 1.10 0.36585973
355.59611100 1.15 -2.36115127
358.22338000 1.20 0.26611773
360.65786000 0.80 2.70059773
367.12120900 1.20 -2.36115127
369.74790700 0.95 0.26554673
376.21082500 1.05 -2.36115127
378.83733800 1.20 0.26536173
381.36429500 1.15 2.79231873
383.99114100 1.00 5.41916473
390.87104300 1.20 -2.36115127
393.29760500 1.00 0.06541073
462.57024100 1.20 -2.36115127
464.95558400 1.00 0.02419173
471.46845800 1.20 -2.36115127
473.99499900 0.80 0.16538973
542.96751000 1.15 -2.36115127
