2.72703200 1.00 -1.90186178
5.25410300 0.90 0.62520922
11.67531500 0.95 -1.90186178
14.11035500 1.05 0.53317822
20.99854100 1.20 -1.90186178
23.72531200 1.00 0.82490922
30.54680400 1.20 -1.90186178
33.32333200 1.20 0.87466622
35.95028700 1.00 3.50162122
105.52335000 1.20 -1.90186178
108.00882100 1.10 0.58360922
110.48546400 1.00 3.06025222
179.59970400 1.05 -1.90186178
182.23522500 0.90 0.73365922
251.50794300 1.20 -1.90186178
254.33529800 1.10 0.92549322
256.96210100 1.10 3.55229622
263.57501400 1.05 -1.90186178
