204.48348000 0.90 -2.28434461
206.81884100 0.80 0.05101639
209.65427200 1.10 2.88644739
215.96689200 1.00 -2.28434461
218.74386900 1.15 0.49263239
221.47905600 1.00 3.22781939
290.92686000 1.20 -2.28434461
293.80424900 1.15 0.59304439
296.43105500 1.15 3.21985039
298.60747500 0.85 5.39627039
305.02862300 0.90 -2.28434461
307.65548400 1.05 0.34251639
376.86133400 0.90 -2.28434461
379.14671300 0.95 0.00103439
385.45941000 1.05 -2.28434461
388.08623200 1.00 0.34247739
390.66292600 0.90 2.91917139
459.68541500 0.90 -2.28434461
462.26272400 1.15 0.29296439
531.78550400 1.15 -2.28434461
534.61287900 1.10 0.54303039
541.03393100 0.80 -2.28434461
543.56910200 1.15 0.25082639
