335.21544000 1.20 -2.02720690
337.89215200 1.00 0.64950510
344.30495200 1.00 -2.02720690
346.73162800 1.10 0.39946910
349.26674400 1.00 2.93458510
418.10596300 1.05 -2.02720690
420.58255900 0.90 0.44938910
427.09545900 1.10 -2.02720690
429.77229600 1.20 0.64963010
436.33519700 1.15 -2.02720690
439.06202300 1.05 0.69961910
441.68888700 1.05 3.32648310
448.10999700 1.00 -2.02720690
451.52123300 1.20 1.38402910
457.89173100 0.90 -2.02720690
460.61866100 1.10 0.69972310
463.54566700 1.20 3.62672910
532.45157400 1.15 -2.02720690
534.87818000 0.85 0.39939910
537.50508200 1.20 3.02630110
543.97618100 1.20 -2.02720690
