270.88767300 1.20 -2.20908459
273.37266000 0.85 0.27590241
276.19965400 1.15 3.10289641
279.12669600 1.20 6.02993841
348.47454400 1.15 -2.20908459
351.10136100 1.00 0.41773241
357.73100800 1.15 -2.20908459
360.30773900 1.10 0.36764641
362.73434300 0.90 2.79425041
365.36957900 1.00 5.42948641
434.10858600 0.90 -2.20908459
436.28510000 0.85 -0.03257059
505.17447900 1.10 -2.20908459
507.60102900 0.85 0.21746541
513.82210500 1.00 -2.20908459
516.34885300 1.15 0.31766341
522.81159200 1.05 -2.20908459
525.29664900 0.85 0.27597241
531.55930700 0.95 -2.20908459
533.93596200 1.05 0.16757041
540.80742700 1.20 -2.20908459
543.53431900 1.10 0.51780741
