268.91132500 0.90 -2.30373174
271.53813300 1.05 0.32307626
340.08548900 0.95 -2.30373174
342.52059000 1.05 0.13136926
411.61006300 1.20 -2.30373174
414.38690500 1.20 0.47311026
420.75802900 1.10 -2.30373174
423.28469300 0.90 0.22293226
429.80583700 1.00 -2.30373174
432.23252800 1.05 0.12295926
434.75921500 0.80 2.64964626
437.38603200 0.90 5.27646326
443.84884000 1.05 -2.30373174
446.18386000 0.95 0.03128826
448.66022900 0.90 2.50765726
455.13181800 1.20 -2.30373174
457.90862900 1.10 0.47307926
460.23520700 1.00 2.79965726
462.81202300 1.15 5.37647326
531.99316300 1.15 -2.30373174
534.51992000 1.15 0.22302526
541.23289600 1.15 -2.30373174
543.65947600 0.85 0.12284826
