2.52681100 0.95 -1.86992094
5.05398300 1.00 0.65725106
11.71694300 1.15 -1.86992094
14.39380900 1.00 0.80694506
83.36617900 1.05 -1.86992094
86.10185400 1.00 0.86575406
88.93713800 1.15 3.70103806
95.30811800 0.80 -1.86992094
97.58466700 0.85 0.40662806
166.59873400 0.90 -1.86992094
169.43452500 1.15 0.96587006
172.16145600 1.20 3.69280106
178.42411600 1.05 -1.86992094
180.60882700 0.80 0.31479006
183.18559900 0.85 2.89156206
190.06547900 1.20 -1.86992094
192.59212800 0.80 0.65672806
199.20514000 1.15 -1.86992094
