277.45887200 1.20 -1.62134453
280.23620600 1.10 1.15598947
287.00754100 1.20 -1.62134453
289.63441100 1.05 1.00552547
296.35575900 1.15 -1.62134453
299.03263000 1.20 1.05552647
301.56762600 0.95 3.59052247
370.88190400 1.05 -1.62134453
373.55913000 0.95 1.05588147
379.78011000 0.90 -1.62134453
382.36525200 0.90 0.96379747
388.33596400 0.80 -1.62134453
390.67081200 0.80 0.71350347
393.14769100 1.05 3.19038247
399.61878900 0.95 -1.62134453
402.09516000 1.10 0.85502647
471.00945100 0.80 -1.62134453
473.63674100 0.95 1.00594547
543.05941000 1.10 -1.62134453
