201.25646300 1.05 -2.51019483
203.78353800 0.90 0.01688017
206.06014200 0.80 2.29348417
208.59529500 1.05 4.82863717
278.05977100 1.15 -2.51019483
280.78704100 1.05 0.21707517
349.95960800 1.15 -2.51019483
352.58679700 0.90 0.11699417
355.17197800 1.05 2.70217517
361.93501000 1.10 -2.51019483
364.81201800 1.15 0.36681317
367.63898200 1.10 3.19377717
374.20184000 1.05 -2.51019483
377.02883200 1.20 0.31679717
445.54250400 0.85 -2.51019483
448.21989100 1.20 0.16719217
454.68267900 1.10 -2.51019483
457.25912800 1.20 0.06625417
459.98627600 1.10 2.79340217
462.46305100 1.05 5.27017717
468.83402100 1.10 -2.51019483
471.36086600 1.15 0.01665017
540.57518400 1.10 -2.51019483
543.31082300 1.15 0.22544417
