2.57692200 0.95 -2.26752868
5.35426200 1.05 0.50981132
74.56858700 1.10 -2.26752868
77.19575100 0.90 0.35963532
83.65867000 1.15 -2.26752868
86.43556000 1.05 0.50936132
92.99840200 1.10 -2.26752868
95.37501500 0.85 0.10908432
164.38920400 0.95 -2.26752868
166.71620600 0.90 0.05947332
169.40146300 1.00 2.74473032
171.97821200 1.05 5.32147932
178.14916300 0.95 -2.26752868
180.63425700 1.05 0.21756532
249.95690400 1.15 -2.26752868
252.48402700 0.95 0.25959432
255.16094500 1.15 2.93651232
257.33741500 0.85 5.11298232
263.80035400 1.20 -2.26752868
