210.44613700 1.20 -1.87802714
212.87316100 0.90 0.54899686
281.83741200 1.20 -1.87802714
284.41450100 0.95 0.69906186
287.14979900 1.15 3.43435986
356.47241900 1.10 -1.87802714
358.79943200 0.80 0.44898586
428.12215700 1.10 -1.87802714
430.70764600 0.85 0.70746186
436.92860700 0.80 -1.87802714
439.41381100 1.15 0.60717686
445.82649700 0.85 -1.87802714
448.50328600 1.10 0.79876186
517.61754900 1.00 -1.87802714
520.35316900 1.15 0.85759286
523.18860400 1.10 3.69302786
529.60133700 1.00 -1.87802714
532.38661300 1.05 0.90724886
535.02179400 1.00 3.54242986
541.33443800 0.80 -1.87802714
543.86960500 1.05 0.65713986
