144.29182100 0.90 -2.12209673
147.17766100 1.20 0.76374327
149.66269400 0.90 3.24877627
218.73525400 1.20 -2.12209673
221.31219700 0.85 0.45484627
223.83913300 1.10 2.98178227
226.41589500 0.85 5.55854427
295.17988400 1.05 -2.12209673
297.55693900 0.95 0.25495827
366.92973900 1.20 -2.12209673
369.50696200 1.20 0.45512627
372.23379300 1.10 3.18195727
441.70661400 1.15 -2.12209673
444.23369600 0.95 0.40498527
450.95501200 0.85 -2.12209673
453.63195700 1.10 0.55484827
459.74454300 1.15 -2.12209673
461.97931100 0.90 0.11267127
531.19369000 1.05 -2.12209673
533.72918100 1.00 0.41339427
540.19200500 1.00 -2.12209673
543.02733900 1.20 0.71323727
