212.46433600 0.85 -1.66908370
214.84139200 0.85 0.70797230
221.56282500 1.15 -1.66908370
224.39816000 1.15 1.16625130
293.26382000 0.90 -1.66908370
295.43898400 0.85 0.50608030
302.41061300 1.05 -1.66908370
305.19591000 1.05 1.11621330
307.67250700 0.80 3.59281030
376.73674200 0.95 -1.66908370
379.26394700 0.95 0.85812130
385.88526200 1.20 -1.66908370
388.46198200 1.20 0.90763630
391.04717600 1.15 3.49283030
397.87694600 1.15 -1.66908370
400.70390100 1.15 1.15787130
469.76799200 1.05 -1.66908370
472.29519600 1.15 0.85812030
541.55949700 1.10 -1.66908370
543.88642700 0.95 0.65784630
