2.57697600 1.00 -2.04536821
5.51273900 1.20 0.89039479
12.23405700 1.15 -2.04536821
15.16952700 1.20 0.89010179
17.55438400 1.05 3.27495879
86.51857700 1.15 -2.04536821
88.94556600 1.00 0.38162079
91.27217300 0.80 2.70822779
97.39306100 0.80 -2.04536821
99.91988900 0.95 0.48145979
168.94244900 1.15 -2.04536821
171.42790800 1.10 0.44009079
173.75445300 0.80 2.76663579
180.12562900 1.10 -2.04536821
182.81083000 1.00 0.63983279
188.83167700 1.20 -2.04536821
191.55848400 1.15 0.68143879
194.08522900 0.90 3.20818379
200.94838100 1.10 -2.04536821
