2.82703800 1.10 -2.42086086
5.65445000 1.10 0.40655114
8.43133800 1.10 3.18343914
14.64400800 1.05 -2.42086086
17.17070800 0.80 0.10583914
19.84760600 0.95 2.78273714
22.33267100 0.90 5.26780214
29.06240000 1.15 -2.42086086
31.39726900 0.80 -0.08599186
33.87401200 0.90 2.39075114
102.99662700 0.90 -2.42086086
105.33194500 0.80 -0.08554286
174.34629700 1.20 -2.42086086
176.87338100 1.00 0.10622314
179.40015500 1.05 2.63299714
248.66443700 1.00 -2.42086086
251.04971300 0.90 -0.03558486
253.47655100 1.05 2.39125314
322.50747600 1.20 -2.42086086
325.23475000 1.20 0.30641314
394.54898100 1.00 -2.42086086
