326.60154900 0.90 -2.50186954
329.07868400 0.80 -0.02473454
331.81398400 1.00 2.71056546
400.78638900 0.90 -2.50186954
403.51381100 1.20 0.22555246
410.17665300 1.05 -2.50186954
412.90358600 1.05 0.22506346
481.92593100 0.80 -2.50186954
484.70338400 1.10 0.27558346
487.38020300 1.05 2.95240246
490.05711200 0.95 5.62931146
496.87847200 0.95 -2.50186954
499.36358700 1.05 -0.01675454
505.52565900 0.95 -2.50186954
507.90240800 1.05 -0.12512054
514.17384000 1.05 -2.50186954
516.70056900 1.00 0.02485946
518.97710300 0.85 2.30139346
521.85420900 1.20 5.17849946
528.42539500 0.90 -2.50186954
531.00225200 1.20 0.07498746
533.62894200 0.90 2.70167746
540.24186200 0.80 -2.50186954
543.12727100 1.15 0.38353946
