333.43155600 1.20 -2.11173582
335.90855200 0.85 0.36526018
342.47987800 1.05 -2.11173582
344.80640700 0.80 0.21479318
351.12752200 1.00 -2.11173582
353.71260500 0.85 0.47334718
356.23934000 1.15 3.00008218
362.50210600 1.10 -2.11173582
365.12888100 0.95 0.51503918
434.19332100 1.20 -2.11173582
436.87050200 1.00 0.56544518
443.18314800 0.95 -2.11173582
445.96019700 1.10 0.66531318
448.68713600 1.20 3.39225218
455.10827900 1.15 -2.11173582
457.58494700 1.05 0.36493218
460.21177700 1.05 2.99176218
462.93871400 1.20 5.71869918
531.80280400 0.85 -2.11173582
533.97972100 0.85 0.06518118
540.95137300 1.20 -2.11173582
543.73662400 1.20 0.67351518
