331.80479700 1.00 -2.15264245
334.28154800 1.00 0.32410855
336.80819000 0.80 2.85075055
343.42123500 1.15 -2.15264245
346.09808500 1.15 0.52420755
348.67473000 0.85 3.10085255
351.05984300 0.95 5.48596555
357.83118600 0.90 -2.15264245
360.30784000 0.95 0.32401155
366.67054800 0.85 -2.15264245
369.39753400 1.15 0.57434355
372.12440700 1.15 3.30121655
440.89681800 0.80 -2.15264245
443.72388400 1.10 0.67442355
450.08657400 1.00 -2.15264245
452.41311800 0.80 0.17390155
521.20222300 1.00 -2.15264245
524.13788300 1.20 0.78301755
530.75901300 1.10 -2.15264245
533.68607600 1.20 0.77442055
540.04873700 0.95 -2.15264245
542.68394200 0.90 0.48256255
