2.51767000 1.00 -2.45984000
5.29265200 1.05 0.31514200
7.71749200 0.90 2.73998200
14.52558900 0.95 -2.45984000
17.20056500 1.00 0.21513600
19.77558400 1.15 2.79015500
26.38371500 1.20 -2.45984000
28.85854100 1.10 0.01498600
35.46670400 1.20 -2.45984000
38.04142600 1.00 0.11488200
40.61649800 1.20 2.68995400
47.27431000 0.95 -2.45984000
49.84911200 0.85 0.11496200
52.12396600 0.80 2.38981600
54.79919300 1.15 5.06504300
124.05488200 1.10 -2.45984000
126.57982400 1.15 0.06510200
129.20460300 1.05 2.68988100
198.03515600 0.90 -2.45984000
200.96867500 1.20 0.47367900
270.24929900 1.15 -2.45984000
