2.57630200 1.10 -1.88151595
5.20109100 1.10 0.74327305
74.05656900 0.90 -1.88151595
76.83167400 1.10 0.89358905
79.40645800 1.00 3.46837305
85.91455600 1.00 -1.88151595
88.48940500 1.00 0.69333305
95.14767700 1.20 -1.88151595
97.52228600 0.90 0.49309305
103.73039800 0.90 -1.88151595
106.45568900 1.20 0.84377505
109.03020900 0.90 3.41829505
177.91913900 0.85 -1.88151595
180.34413600 0.95 0.54348105
186.80235500 1.05 -1.88151595
189.07698400 0.80 0.39311305
191.55201300 0.90 2.86814205
260.38270300 0.95 -1.88151595
262.95787900 1.20 0.69366005
