2.61794800 1.15 -1.69754156
4.89252900 0.80 0.57703944
73.98998100 0.90 -1.69754156
76.71500600 1.00 1.02748344
79.18968600 0.85 3.50216344
85.74795300 1.00 -1.69754156
88.27284800 1.00 0.82735344
157.31212700 1.20 -1.69754156
160.08682700 1.05 1.07715844
229.52630700 1.15 -1.69754156
231.95074300 1.00 0.72689444
238.80901500 1.20 -1.69754156
241.28369200 1.00 0.77713544
310.37293800 1.20 -1.69754156
312.99811300 1.15 0.92763344
315.48074700 0.90 3.41026744
322.18883000 1.05 -1.69754156
324.61357500 0.90 0.72720344
