208.38628600 1.20 -2.02182805
211.11315800 1.10 0.70504395
213.48978600 1.00 3.08167195
282.37067600 0.95 -2.02182805
284.79737300 1.05 0.40486895
291.41037400 1.10 -2.02182805
293.68682200 0.95 0.25461995
296.21350500 0.85 2.78130295
298.69030200 0.95 5.25809995
305.05292600 0.85 -2.02182805
307.47970900 1.05 0.40495495
313.99252400 0.90 -2.02182805
316.61936900 0.90 0.60501695
319.19611300 0.95 3.18176095
388.39390000 0.90 -2.02182805
390.72049400 0.85 0.30476595
460.01016700 1.20 -2.02182805
462.18648300 0.80 0.15448795
530.71725200 0.95 -2.02182805
533.29403600 0.95 0.55495595
539.85695900 1.10 -2.02182805
542.38368900 1.05 0.50490195
