2.56875500 0.95 -2.26030438
5.04570700 1.10 0.21664762
7.82259700 1.05 2.99353762
14.13524600 0.95 -2.26030438
16.56192000 0.95 0.16636962
85.51777000 1.00 -2.26030438
87.79447700 0.90 0.01640262
90.22114100 0.90 2.44306662
159.50242600 1.15 -2.26030438
161.72891700 0.80 -0.03381338
168.59205400 1.20 -2.26030438
171.46904100 1.20 0.61668262
173.94563800 0.80 3.09327962
242.83503900 1.20 -2.26030438
245.36168800 0.85 0.26634462
247.58822800 0.80 2.49288462
250.22351000 1.10 5.12816662
257.13659100 1.10 -2.26030438
259.76331200 1.05 0.36641662
328.68602000 1.15 -2.26030438
331.26277400 1.10 0.31644962
