2.41882100 0.90 -1.94739600
5.04570800 1.20 0.67949100
73.95161200 0.95 -1.94739600
76.88711700 1.20 0.98810900
79.21354900 1.00 3.31454100
85.44280300 0.80 -1.94739600
88.06974900 1.15 0.67955000
94.58261000 1.20 -1.94739600
97.10922900 0.80 0.57922300
103.52210200 1.20 -1.94739600
106.29899200 1.05 0.82949400
175.58028500 1.20 -1.94739600
178.35715700 1.10 0.82947600
181.08405300 1.15 3.55637200
187.65525600 1.10 -1.94739600
189.88165700 0.80 0.27900500
192.56702100 0.95 2.96436900
199.03815400 1.20 -1.94739600
201.86508800 1.15 0.87953800
