273.09081700 1.15 -1.97726871
275.31554800 0.85 0.24746229
277.59024400 0.80 2.52215829
280.51555500 1.20 5.44746929
349.59605700 1.05 -1.97726871
351.82080500 0.90 0.24747929
354.19587100 1.05 2.62254529
360.70389600 1.00 -1.97726871
363.27886500 1.05 0.59770029
432.05932800 0.90 -1.97726871
434.83445900 1.10 0.79786229
441.14249200 1.00 -1.97726871
443.91746900 1.10 0.79770829
513.04822800 1.20 -1.97726871
515.62301000 1.10 0.59751329
522.33109200 1.10 -1.97726871
524.65568100 0.85 0.34732029
527.08068800 0.90 2.77232729
533.13887400 0.95 -1.97726871
535.91401500 1.20 0.79787229
542.27198800 1.10 -1.97726871
