2.56772300 1.00 -2.00547806
5.44279000 1.15 0.86958894
74.48172500 1.15 -2.00547806
77.20663700 1.10 0.71943394
83.36453900 0.95 -2.00547806
86.03944300 0.95 0.66942594
88.56443000 1.05 3.19441294
91.08929200 1.00 5.71927494
97.69755400 1.15 -2.00547806
100.37243000 1.15 0.66939794
106.73025300 0.90 -2.00547806
108.95511200 0.85 0.21938094
115.26330900 0.95 -2.00547806
117.63805500 0.80 0.36926794
120.21302200 0.85 2.94423494
188.96053300 1.00 -2.00547806
191.63541700 1.00 0.66940594
260.60756800 0.80 -2.00547806
