2.57626500 1.05 -2.21866970
4.95110200 1.05 0.15616730
7.62594200 1.00 2.83100730
14.24247200 1.05 -2.21866970
17.16747300 1.20 0.70633130
86.28139300 1.15 -2.21866970
88.80611500 0.95 0.30605230
91.23092500 0.90 2.73086230
97.68905700 0.90 -2.21866970
100.31407700 1.05 0.40635030
103.23892900 1.20 3.33120230
105.61380700 1.00 5.70608030
174.65268600 0.85 -2.21866970
177.27779000 1.10 0.40643430
183.78591700 1.10 -2.21866970
186.21053700 0.85 0.20595030
255.24946300 0.80 -2.21866970
258.02463500 1.05 0.55650230
264.13271200 1.05 -2.21866970
266.75779900 1.20 0.40641730
