273.84099300 0.95 -1.84745035
276.31576000 0.90 0.62731665
279.19091700 1.15 3.50247365
282.11584900 1.20 6.42740565
351.08820400 1.20 -1.84745035
353.91305500 1.10 0.97740065
423.09376000 1.10 -1.84745035
426.01874600 1.20 1.07753565
432.32646700 0.80 -1.84745035
434.65154700 0.95 0.47762965
441.10954400 0.90 -1.84745035
443.68454500 1.00 0.72755065
450.14258600 0.95 -1.84745035
452.56734200 0.80 0.57730565
521.44813700 1.00 -1.84745035
523.77319600 1.00 0.47760865
530.23109600 0.85 -1.84745035
532.95607800 1.00 0.87753165
539.21440500 1.10 -1.84745035
541.93915000 1.15 0.87729465
