2.72618500 1.10 -2.59868995
5.20113200 1.00 -0.12374295
11.71755400 1.15 -2.59868995
14.04222800 1.00 -0.27401595
20.70047100 1.10 -2.59868995
23.47548000 1.20 0.17631905
26.25032700 1.15 2.95116605
28.82524300 1.15 5.52608205
35.08323900 1.05 -2.59868995
37.60825800 1.20 -0.07367095
40.18280100 0.85 2.50087205
42.95792700 1.05 5.27599805
49.16615800 1.20 -2.59868995
51.69082700 0.95 -0.07402095
54.51594400 1.15 2.75109605
123.21307500 0.90 -2.59868995
125.88813500 1.05 0.07637005
194.71877000 0.95 -2.59868995
197.09354300 0.85 -0.22391695
199.61844400 0.85 2.30098405
268.54915100 0.80 -2.59868995
