202.04012600 0.90 -2.72947317
204.61740400 1.10 -0.15219517
206.94395900 1.00 2.17435983
209.82103900 1.20 5.05143983
279.09368200 1.20 -2.72947317
281.62922100 1.20 -0.19393417
284.31442300 1.15 2.49126783
286.64091300 1.00 4.81775783
355.76530500 1.20 -2.72947317
358.24891500 0.90 -0.24586317
364.72006800 0.90 -2.72947317
367.20510100 0.80 -0.24444017
436.02743900 0.85 -2.72947317
438.76317900 1.10 0.00626683
441.54844200 1.15 2.79152983
444.23365900 1.10 5.47674683
513.24773800 1.10 -2.72947317
515.98339700 1.15 0.00618583
518.61025300 1.20 2.63304183
524.98136900 1.15 -2.72947317
527.61641600 1.10 -0.09442617
534.12927300 0.95 -2.72947317
536.90626700 1.05 0.04752083
543.32738700 1.20 -2.72947317
