2.87724200 1.15 -1.81286089
5.55444400 1.10 0.86434111
12.47592000 1.10 -1.81286089
15.30288200 1.15 1.01410111
21.92420600 1.10 -1.81286089
24.30908400 0.80 0.57201711
31.08887200 1.20 -1.81286089
33.51550900 1.10 0.61377611
35.90039800 0.80 2.99866511
38.27711700 1.00 5.37538411
107.18266600 0.90 -1.81286089
110.06860200 1.20 1.07307511
116.63979300 1.00 -1.81286089
119.06647100 1.00 0.61381711
125.28741900 0.85 -1.81286089
127.71412700 0.90 0.61384711
134.32711400 1.20 -1.81286089
136.90383800 0.90 0.76386311
