2.57692800 1.00 -2.46203200
5.46257600 1.15 0.42361600
74.94388300 1.15 -2.46203200
77.47101400 1.10 0.06509900
79.84758300 0.85 2.44166800
82.37438000 1.00 4.96846500
89.33761000 1.20 -2.46203200
92.02274900 1.00 0.22310700
94.44935800 0.80 2.64971600
163.47192500 0.95 -2.46203200
165.99911100 0.95 0.06515400
168.38413000 0.95 2.45017300
237.60676300 0.95 -2.46203200
239.78366900 0.80 -0.28512600
242.31055800 1.20 2.24176300
248.94011200 1.20 -2.46203200
251.47507500 0.80 0.07293100
254.00185500 0.95 2.59971100
322.67414300 0.95 -2.46203200
324.90104700 0.80 -0.23512800
327.28616300 1.05 2.14998800
333.60660500 0.85 -2.46203200
335.93375600 0.95 -0.13488100
