208.05165100 1.00 -1.97725477
210.87646200 1.15 0.84755623
217.73465400 1.20 -1.97725477
220.05942000 0.90 0.34751123
222.73467000 1.20 3.02276123
228.89253300 0.95 -1.97725477
231.56742100 1.00 0.69763323
234.19221900 0.90 3.32243123
302.87294000 0.90 -1.97725477
305.39809300 0.90 0.54789823
308.12298400 1.15 3.27278923
314.63913300 0.85 -1.97725477
317.17246800 0.95 0.55608023
319.99753200 1.10 3.38114423
388.76156800 0.90 -1.97725477
391.29469100 1.10 0.55586823
459.83365000 0.95 -1.97725477
462.35880900 1.20 0.54790423
531.33922800 0.95 -1.97725477
533.46404900 0.80 0.14756623
539.57208000 0.80 -1.97725477
542.09748400 1.20 0.54814923
