202.43227900 0.95 -2.55785146
204.91773400 0.80 -0.07239646
211.74759800 1.15 -2.55785146
214.37438800 1.15 0.06893854
216.85100100 0.95 2.54555154
223.41396800 1.05 -2.55785146
225.94914000 1.15 -0.02267946
228.48412200 1.00 2.51230254
297.45653400 0.80 -2.55785146
299.79198000 0.85 -0.22240546
302.36872000 0.85 2.35433454
371.44123700 0.80 -2.55785146
373.71813200 0.85 -0.28095646
376.19494400 0.90 2.19585554
378.77182300 1.15 4.77273454
385.89344500 1.20 -2.55785146
388.72871400 1.20 0.27741754
458.15153500 1.15 -2.55785146
460.82873500 1.10 0.11934854
463.71413000 1.15 3.00474354
466.49938200 1.05 5.78999554
535.01298800 0.80 -2.55785146
537.54871800 1.10 -0.02212146
543.86976000 1.15 -2.55785146
