269.41156600 0.90 -2.34062495
271.78814200 0.80 0.03595105
340.92766500 1.05 -2.34062495
343.45431400 1.20 0.18602405
345.98112300 0.95 2.71283305
352.55232500 1.00 -2.34062495
354.87895300 1.00 -0.01399695
361.04150900 0.95 -2.34062495
363.56831100 1.05 0.18617705
366.34523200 1.05 2.96309805
368.87199600 1.20 5.48986205
375.48493900 1.20 -2.34062495
378.07006100 1.00 0.24449705
447.14272100 1.15 -2.34062495
449.91963600 1.15 0.43629005
452.49635500 0.90 3.01300905
455.12321200 1.00 5.63986605
461.63605700 1.20 -2.34062495
464.06272400 1.10 0.08604205
533.24385300 1.05 -2.34062495
535.67045000 0.80 0.08597205
542.29181500 1.00 -2.34062495
