2.36858700 0.85 -2.00512911
5.24586300 1.15 0.87214689
11.85865100 1.10 -2.00512911
14.08519000 0.90 0.22140989
20.95662100 1.15 -2.00512911
23.63351300 1.05 0.67176289
26.11015100 0.85 3.14840089
28.33670700 0.90 5.37495689
34.74947300 0.90 -2.00512911
37.33460800 0.90 0.58000589
39.91137500 0.95 3.15677289
46.67447000 1.20 -2.00512911
49.35128700 1.10 0.67168789
118.33195700 1.00 -2.00512911
121.05916900 1.10 0.72208289
127.67194400 0.80 -2.00512911
130.29887900 1.20 0.62180589
199.35484600 0.90 -2.00512911
