2.41792700 1.10 -2.47617645
5.14273300 1.05 0.24862955
11.55079000 1.00 -2.47617645
14.22581700 1.15 0.19885055
16.75042700 0.85 2.72346055
85.65618800 0.95 -2.47617645
88.33125400 1.15 0.19888955
94.24740600 0.85 -2.47617645
96.72232600 0.90 -0.00125645
165.91140900 1.10 -2.47617645
168.43634900 1.00 0.04876355
175.04449800 1.10 -2.47617645
177.66923200 1.00 0.14855755
180.59445000 1.20 3.07377555
183.06903400 0.95 5.54835955
189.47714200 0.95 -2.47617645
191.90207500 1.00 -0.05124345
194.42716300 1.15 2.47384455
197.15209900 1.20 5.19878055
203.86844900 1.15 -2.47617645
