2.37616500 1.00 -2.70785336
4.85099900 1.00 -0.23301936
7.47577600 0.90 2.39175764
10.05102700 1.20 4.96700864
78.98984000 1.10 -2.70785336
81.46461100 0.90 -0.23308236
88.07284700 1.05 -2.70785336
90.84769600 1.05 0.06699564
93.62264700 1.10 2.84194664
95.99749000 1.05 5.21678964
103.05568200 1.15 -2.70785336
105.78047800 1.05 0.01694264
112.28851900 1.05 -2.70785336
114.76337800 1.00 -0.23299436
183.80248100 1.15 -2.70785336
186.42736900 1.15 -0.08296536
254.90777700 0.85 -2.70785336
257.23283500 1.00 -0.38279536
260.10798100 1.20 2.49235064
262.63242500 0.85 5.01679464
269.19077100 1.05 -2.70785336
271.71572200 1.10 -0.18290236
