2.62699800 0.90 -2.16830611
5.55449300 1.20 0.75918889
74.32663500 0.85 -2.16830611
77.01235600 1.15 0.51741489
146.02639500 0.95 -2.16830611
148.51194200 1.15 0.31724089
150.78845700 0.95 2.59375589
153.41531400 1.20 5.22061289
160.08659700 1.15 -2.16830611
162.82185700 1.15 0.56695389
165.74887900 1.20 3.49397589
172.07815100 0.85 -2.16830611
174.61337400 1.15 0.36691689
177.29017800 1.20 3.04372089
183.31093500 0.80 -2.16830611
185.68760300 0.85 0.20836189
191.95871400 1.20 -2.16830611
194.38532600 0.95 0.25830589
263.15753000 0.80 -2.16830611
