2.67701100 1.00 -2.22133742
5.55442000 1.20 0.65607158
8.28128600 1.10 3.38293758
77.45387100 1.05 -2.22133742
79.83040800 0.80 0.15519958
86.65235100 1.05 -2.22133742
89.37918000 1.00 0.50549158
95.89199000 0.85 -2.22133742
98.36877700 1.05 0.25544958
101.14567100 1.10 3.03234358
103.67249900 1.20 5.55917158
109.83498900 0.80 -2.22133742
112.52025900 1.00 0.46393258
118.74956700 0.95 -2.22133742
121.38470700 1.00 0.41380258
128.09764700 0.85 -2.22133742
130.77462600 1.15 0.45564158
133.20964200 1.05 2.89065758
140.02260300 0.85 -2.22133742
