213.17302100 1.10 -1.87975680
215.95039400 1.20 0.89761620
222.57163100 1.05 -1.87975680
225.34853200 1.15 0.89714420
227.97533500 1.00 3.52394720
297.33968500 1.05 -1.87975680
300.11708300 1.10 0.89764120
369.13116200 1.10 -1.87975680
371.35803900 0.85 0.34712020
440.58073200 1.05 -1.87975680
443.26631100 1.05 0.80582220
512.23043100 1.20 -1.87975680
514.40720800 0.85 0.29702020
516.89235100 0.85 2.78216320
519.42740200 0.85 5.31721420
525.59845300 1.10 -1.87975680
528.03339700 0.80 0.55518720
534.44624300 1.15 -1.87975680
536.92293500 1.05 0.59693520
543.33577200 1.10 -1.87975680
