332.85586000 1.10 -2.26337836
335.78331600 1.20 0.66407764
342.35451400 1.20 -2.26337836
344.73112200 1.00 0.11322964
347.31624100 0.85 2.69834864
350.19328000 1.15 5.57538764
356.50601200 1.05 -2.26337836
359.03269600 0.85 0.26330564
428.49724400 1.20 -2.26337836
431.13272900 1.05 0.37210664
500.20534600 1.15 -2.26337836
503.08264400 1.20 0.61391964
505.85967400 1.15 3.39094964
511.88046700 1.10 -2.26337836
514.40724400 1.05 0.26339864
520.56984600 1.15 -2.26337836
523.09650600 0.80 0.26328164
525.88189600 1.20 3.04867164
532.24446900 1.05 -2.26337836
534.87140500 1.05 0.36355764
537.24801800 0.90 2.74017064
543.31885500 0.80 -2.26337836
