332.06327600 0.95 -2.27618559
334.65673600 1.15 0.31727441
337.19176300 0.85 2.85230141
343.77971300 1.15 -2.27618559
346.41485000 0.90 0.35895141
349.25849600 1.20 3.20259741
351.94365100 1.10 5.88775241
420.87464400 1.20 -2.27618559
423.35132300 0.95 0.20049341
429.79762000 0.85 -2.27618559
432.34913600 0.90 0.27533041
438.93707300 1.05 -2.27618559
441.47209000 0.90 0.25883141
444.16568600 1.05 2.95242741
450.72847700 0.85 -2.27618559
453.45548600 1.20 0.45082341
456.03222400 1.05 3.02756141
524.74629700 0.90 -2.27618559
527.12294900 0.95 0.10046641
533.58576500 1.00 -2.27618559
536.46281000 1.15 0.60085941
543.39263700 1.15 -2.27618559
