2.66791700 1.05 -2.23915448
5.24274500 1.05 0.33567352
11.90090900 1.15 -2.23915448
14.12555800 0.85 -0.01450548
16.40048500 0.85 2.26042152
85.06451000 0.80 -2.23915448
87.93978900 1.20 0.63612452
90.46459200 1.10 3.16092752
97.52281100 1.15 -2.23915448
99.64727000 0.80 -0.11469548
102.47257400 1.15 2.71060852
104.89712800 0.85 5.13516252
111.25552900 1.15 -2.23915448
113.88025800 0.95 0.38557452
182.96955600 1.20 -2.23915448
185.49425800 1.00 0.28554752
191.85223200 0.90 -2.23915448
194.17719900 0.90 0.08581252
196.55228000 1.05 2.46089352
265.42483900 1.20 -2.23915448
268.24968400 1.20 0.58569052
