265.70947200 1.15 -2.66902650
268.23646100 0.85 -0.14203750
270.77163400 1.00 2.39313550
339.87739400 0.90 -2.66902650
342.21281600 0.90 -0.33360450
344.69791000 1.05 2.15148950
347.32470500 1.00 4.77828450
353.38697800 1.20 -2.66902650
356.06415500 1.10 0.00815050
425.21166500 1.05 -2.66902650
427.78883400 1.05 -0.09185750
497.29495100 1.20 -2.66902650
499.87210200 1.15 -0.09187550
502.75754200 1.15 2.79356450
505.18385800 1.10 5.21988050
511.31337300 0.85 -2.66902650
513.94025500 1.00 -0.04214450
520.05286100 1.15 -2.66902650
522.42942800 0.85 -0.29245950
528.89222500 0.95 -2.66902650
531.61924200 1.10 0.05799050
534.10423900 0.85 2.54298750
536.63098600 0.90 5.06973450
543.10210400 1.00 -2.66902650
