2.41764700 1.05 -2.20256100
4.99231500 0.85 0.37210700
7.61738100 1.00 2.99717300
76.51483300 1.00 -2.20256100
78.98959600 0.90 0.27220200
147.82029800 0.80 -2.20256100
150.24523100 0.85 0.22237200
156.95339600 0.90 -2.20256100
159.37819600 0.90 0.22223900
165.73643700 0.95 -2.20256100
168.21128700 0.95 0.27228900
170.98641300 1.10 3.04741500
239.91699800 0.95 -2.20256100
242.59199200 1.05 0.47243300
245.36704400 1.20 3.24748500
248.14197200 1.20 6.02241300
254.34997400 1.15 -2.20256100
257.02489500 1.15 0.47236000
263.33291100 1.15 -2.20256100
