2.52700100 1.10 -1.96306806
5.15411800 0.90 0.66404894
7.48909200 1.00 2.99902294
14.16876300 1.00 -1.96306806
16.80386200 0.95 0.67203094
85.78475900 1.10 -1.96306806
88.11156900 0.80 0.36374194
157.02570600 0.95 -1.96306806
159.51112800 0.90 0.52235394
161.93778100 0.80 2.94900694
164.66479100 1.05 5.67601694
171.48620300 1.10 -1.96306806
174.02123600 0.80 0.57196494
243.34394300 1.20 -1.96306806
245.92116000 1.05 0.61414894
252.33389100 0.90 -1.96306806
254.96916700 1.10 0.67220794
261.19012900 1.20 -1.96306806
