384.61679500 1.10 -2.69361431
387.14399000 1.00 -0.16641931
389.62069400 1.10 2.31028469
392.44767200 1.10 5.13726269
399.11895600 1.00 -2.69361431
401.50392800 0.90 -0.30864231
408.37543200 1.15 -2.69361431
411.16071200 1.20 0.09166569
413.79579300 0.95 2.72674669
482.91005100 1.15 -2.69361431
485.58721600 0.95 -0.01644931
487.92216300 0.85 2.31849769
490.64913000 1.10 5.04546469
496.92008600 0.90 -2.69361431
499.34669400 0.85 -0.26700631
502.07366300 1.20 2.45996269
508.84513900 1.15 -2.69361431
511.17155600 0.95 -0.36719731
517.19218500 0.95 -2.69361431
519.71926900 1.05 -0.16653031
522.40445600 0.95 2.51865669
528.68385600 1.10 -2.69361431
531.56085500 1.20 0.18338469
534.48786800 1.20 3.11039769
541.30929000 1.15 -2.69361431
543.63535400 0.80 -0.36755031
