2.77703400 1.10 -1.94590533
5.25402300 0.85 0.53108367
12.11721400 1.20 -1.94590533
14.99422800 1.15 0.93110867
17.47091200 1.00 3.40779267
24.10047500 1.10 -1.94590533
27.02759500 1.20 0.98121467
29.85452800 1.10 3.80814767
36.27561600 1.00 -1.94590533
38.95245600 0.95 0.73093467
41.73777600 1.10 3.51625467
48.25891800 0.95 -1.94590533
50.84412400 1.05 0.63930067
120.21608400 1.10 -1.94590533
122.74385800 0.80 0.58186867
192.10832900 1.20 -1.94590533
194.49377100 1.05 0.43953667
200.61463200 1.00 -1.94590533
