208.79486100 1.15 -2.11715727
211.27186900 0.80 0.35985073
217.23437400 0.90 -2.11715727
219.56935200 1.00 0.21782073
225.73191700 0.80 -2.11715727
228.20861700 0.95 0.35954273
230.84383600 1.00 2.99476173
300.19149500 1.20 -2.11715727
302.81877800 1.05 0.51012573
305.39558200 1.20 3.08692973
307.67206500 0.80 5.36341273
314.81911000 1.10 -2.11715727
317.21203200 0.90 0.27576473
386.48468600 1.05 -2.11715727
388.96183200 1.05 0.35998873
391.74708500 1.15 3.14524173
398.10978400 0.95 -2.11715727
401.82947200 1.15 1.60253073
470.66793600 0.90 -2.11715727
472.99498500 0.80 0.20989173
542.19271700 1.15 -2.11715727
544.87842800 1.15 0.56855373
