2.47683400 1.05 -2.18318495
4.81217700 1.00 0.15215805
7.28890900 1.15 2.62889005
76.66157900 1.05 -2.18318495
79.09695300 0.80 0.25218905
85.46805100 0.85 -2.18318495
87.99476700 0.80 0.34353105
90.52999000 1.05 2.87875405
93.16505300 0.95 5.51381705
162.52944200 1.10 -2.18318495
165.30678200 1.10 0.59415505
171.91972500 1.10 -2.18318495
174.79675800 1.20 0.69384805
181.61813400 1.20 -2.18318495
184.09474700 0.90 0.29342805
190.45752000 0.90 -2.18318495
193.28458300 1.15 0.64387805
196.11153600 1.20 3.47083105
202.93288600 1.10 -2.18318495
