2.61894400 0.90 -2.74429686
5.54604000 1.20 0.18279914
12.47583700 1.20 -2.74429686
15.15270400 1.20 -0.06742986
17.97966000 1.20 2.75952614
24.55082800 1.05 -2.74429686
27.37777300 1.20 0.08264814
29.80444700 0.90 2.50932214
32.48947400 0.95 5.19434914
39.03592500 1.20 -2.74429686
41.76274200 1.05 -0.01747986
111.67788700 0.95 -2.74429686
114.10442800 0.90 -0.31775586
116.68123300 1.00 2.25904914
185.27040300 1.05 -2.74429686
187.69705600 0.90 -0.31764386
190.17377500 0.95 2.15907514
196.94518500 1.15 -2.74429686
199.57203000 1.15 -0.11745186
202.34888100 1.05 2.65939914
204.67545000 0.80 4.98596814
273.79833100 1.05 -2.74429686
