2.76777000 1.10 -1.95432547
5.34284100 1.15 0.62074553
7.62564400 0.85 2.90354853
76.63171400 1.05 -1.95432547
79.20677500 1.20 0.62073553
81.73168800 1.20 3.14564853
150.76217800 0.80 -1.95432547
152.98696000 0.85 0.27045653
159.29501900 0.80 -1.95432547
161.62001600 0.90 0.37067153
164.34505500 1.05 3.09571053
170.75304400 0.90 -1.95432547
173.22794300 0.90 0.52057353
175.70297600 1.05 2.99560653
182.16100700 0.95 -1.95432547
184.33572900 0.80 0.22039653
190.94423200 1.20 -1.95432547
193.76906800 1.15 0.87051053
262.81651900 1.20 -1.95432547
