2.31770000 0.85 -2.31000290
4.99275900 1.05 0.36505610
7.86783700 1.20 3.24013410
10.64272200 1.20 6.01501910
16.95067900 0.80 -2.31000290
19.12533700 0.80 -0.13534490
25.79198600 1.05 -2.31000290
28.56695500 1.10 0.46496610
97.41402300 0.80 -2.31000290
100.08917600 1.05 0.36515010
106.09712100 0.90 -2.31000290
108.32204400 0.90 -0.08507990
110.84724300 1.15 2.44011910
113.12195000 0.95 4.71482610
119.53006100 1.00 -2.31000290
122.25514200 1.10 0.41507810
128.51295400 0.90 -2.31000290
131.33801800 1.20 0.51506110
137.99598400 0.95 -2.31000290
140.47102500 1.10 0.16503810
