335.51323000 0.90 -1.90711229
338.18836000 1.10 0.76801771
407.26912000 1.20 -1.90711229
409.99404400 1.20 0.81781171
416.45168200 0.80 -1.90711229
418.97701700 1.20 0.61822271
421.15149800 0.80 2.79270371
423.67663400 1.00 5.31783971
430.03456500 0.85 -1.90711229
432.45968300 1.05 0.51800571
439.16764700 0.95 -1.90711229
441.64252700 0.95 0.56776771
444.31738200 0.95 3.24262271
450.52554900 1.00 -1.90711229
453.30068000 1.20 0.86801871
522.18124200 1.10 -1.90711229
524.60601900 1.05 0.51766471
531.01421500 1.10 -1.90711229
533.43890900 0.90 0.51758171
539.65529900 0.85 -1.90711229
542.18016500 0.80 0.61775371
