267.60693000 0.80 -2.37279700
270.18192500 0.90 0.20219800
272.90704200 1.10 2.92731500
279.41504900 1.05 -2.37279700
281.88974700 0.85 0.10190100
288.14805000 1.05 -2.37279700
290.62278900 0.90 0.10194200
296.53080900 0.80 -2.37279700
299.10575200 0.85 0.20214600
301.68100000 1.20 2.77739400
308.33909700 1.20 -2.37279700
310.81384800 1.05 0.10195400
379.89452400 1.10 -2.37279700
382.66951600 1.20 0.40219500
385.09428900 1.10 2.82696800
391.45217800 0.90 -2.37279700
394.12730700 1.10 0.30233200
396.55211700 1.05 2.72714200
398.77679500 0.80 4.95182000
467.40745200 0.80 -2.37279700
470.23270300 1.15 0.45245400
473.05766100 1.20 3.27741200
541.98814300 1.10 -2.37279700
