2.36986400 0.80 -2.47840152
4.89823300 1.05 0.04996748
7.42661300 1.00 2.57834748
14.19426500 1.20 -2.47840152
16.62265300 1.05 -0.05001352
23.44045700 1.20 -2.47840152
25.81873200 1.05 -0.10012652
28.19704900 1.00 2.27819048
97.33413900 1.00 -2.47840152
99.86258700 1.15 0.05004648
102.54117100 1.05 2.72863048
105.16988700 1.00 5.35734648
174.16515700 1.00 -2.47840152
176.89381200 1.20 0.25025348
183.86182000 1.10 -2.47840152
186.19017800 0.80 -0.15004352
188.61838400 1.05 2.27816248
191.24707000 1.05 4.90684848
260.36746100 0.95 -2.47840152
262.49546500 0.80 -0.35039752
269.16285800 1.15 -2.47840152
