266.69097000 1.15 -2.23035339
269.26584000 1.10 0.34451661
271.89065200 1.05 2.96932861
278.64866100 1.00 -2.23035339
280.97329900 0.90 0.09428461
283.69869700 1.20 2.81968261
290.45668200 1.10 -2.23035339
293.03163600 1.20 0.34460061
361.96196300 0.85 -2.23035339
364.33690200 0.95 0.14458561
371.09532000 1.20 -2.23035339
373.71997800 1.00 0.39430461
376.19499700 1.10 2.86932361
378.81967000 0.90 5.49399661
447.56691700 0.85 -2.23035339
450.14202700 1.10 0.34475661
453.01712600 1.15 3.21985561
521.74734800 0.95 -2.23035339
524.12227600 0.85 0.14457461
530.33048900 0.90 -2.23035339
532.90556200 1.10 0.34471961
539.16357800 1.00 -2.23035339
541.93858200 1.15 0.54465061
