204.93467100 0.85 -2.26090587
207.35980900 1.05 0.16423213
276.19863700 0.90 -2.26090587
278.52343600 0.80 0.06389313
281.09873500 1.15 2.63919213
350.27912100 0.95 -2.26090587
352.80422600 1.15 0.26419913
359.01197400 0.80 -2.26090587
361.68724200 1.15 0.41436213
364.46202500 1.05 3.18914513
370.67002300 0.90 -2.26090587
373.34521400 1.20 0.41428513
375.87010500 1.20 2.93917613
444.70854400 0.95 -2.26090587
447.38369500 0.95 0.41424513
450.30885500 1.20 3.33940513
518.98927600 0.95 -2.26090587
521.56406100 0.85 0.31387913
524.28925300 1.15 3.03907113
530.69714000 0.95 -2.26090587
533.27196300 0.90 0.31391713
535.79719600 1.20 2.83915013
542.10493900 0.85 -2.26090587
