2.92609900 1.20 -2.38865830
5.15053500 0.80 -0.16422230
74.13989700 0.95 -2.38865830
76.56475200 0.95 0.03619670
78.93977800 1.05 2.41122270
81.41447200 1.10 4.88591670
87.72285000 1.05 -2.38865830
90.19757600 0.90 0.08606770
96.70555000 0.80 -2.38865830
99.38067400 1.00 0.28646570
102.20567200 1.10 3.11146370
108.96372100 1.05 -2.38865830
111.58873400 1.00 0.23635470
118.29671100 1.05 -2.38865830
120.97160900 1.05 0.28623970
127.58794300 1.00 -2.38865830
130.06274400 0.90 0.08614270
132.63795600 1.15 2.66135470
135.16266500 0.95 5.18606370
141.27070000 0.90 -2.38865830
