2.36771000 0.90 -2.04075132
4.94264900 1.00 0.53418768
7.76777000 1.20 3.35930868
76.65652200 1.00 -2.04075132
79.28157000 1.10 0.58429668
81.70629800 0.95 3.00902468
88.01433600 0.85 -2.04075132
90.83947800 1.10 0.78439068
93.31415700 0.90 3.25906968
99.57225000 0.90 -2.04075132
101.89721700 0.95 0.28421568
104.42192100 1.05 2.80891968
110.48012200 0.85 -2.04075132
113.00494600 0.80 0.48407268
119.41318100 1.00 -2.04075132
121.93836900 1.20 0.48443668
190.81071700 1.20 -2.04075132
193.58555600 1.15 0.73408768
200.19367600 1.20 -2.04075132
