2.76800700 1.20 -2.35111367
5.39271200 1.10 0.27359133
74.07331500 0.95 -2.35111367
76.74844000 1.20 0.32401133
79.32327600 1.10 2.89884733
85.58101600 0.85 -2.35111367
88.45625500 1.15 0.52412533
90.98103800 1.00 3.04890833
160.32021700 1.20 -2.35111367
162.74489900 0.95 0.07356833
169.20322000 1.20 -2.35111367
171.52782500 0.90 -0.02650867
174.45303800 1.20 2.89870433
177.37791100 1.20 5.82357733
183.78590600 1.10 -2.35111367
186.11070100 1.00 -0.02631867
189.03577700 1.20 2.89875733
258.12467200 1.05 -2.35111367
260.44933600 0.85 -0.02644967
328.77998900 0.80 -2.35111367
331.25519800 1.05 0.12409533
