2.42616500 1.05 -1.99434056
4.80093100 0.90 0.38042544
73.90685800 1.20 -1.99434056
76.63155400 1.00 0.73035544
82.53983500 1.15 -1.99434056
84.91450200 0.95 0.38032644
153.95379100 1.20 -1.99434056
156.82865000 1.20 0.88051844
159.60345000 1.10 3.65531844
166.31152600 1.10 -1.99434056
168.43613500 0.80 0.13026844
237.16683300 0.85 -1.99434056
239.74193100 1.05 0.58075744
242.31672800 0.90 3.15555444
244.59149600 0.80 5.43032244
250.99965900 1.10 -1.99434056
253.62487700 1.20 0.63087744
260.13274700 1.00 -1.99434056
