2.51785300 1.05 -2.32241635
5.14268200 1.05 0.30241265
7.81759000 1.00 2.97732065
13.78386500 0.80 -2.32241635
16.50891300 1.00 0.40263165
19.08388800 1.10 2.97760665
21.50878300 0.80 5.40250165
90.51422800 0.85 -2.32241635
92.88908900 0.80 0.05244465
162.11177300 1.15 -2.32241635
164.48639500 0.85 0.05220565
167.16161000 1.20 2.72742065
173.61937200 0.85 -2.32241635
176.54459000 1.20 0.60280165
183.45269300 1.20 -2.32241635
185.92750800 1.15 0.15239865
188.65229900 1.00 2.87718965
195.26031100 0.95 -2.32241635
197.63512400 0.90 0.05239665
266.88264800 1.10 -2.32241635
