207.77675000 1.20 -2.05901377
210.05155000 0.90 0.21578623
212.92667800 1.15 3.09091423
215.55135400 0.90 5.71559023
222.05943500 0.90 -2.05901377
224.73435700 0.95 0.61590823
293.72352900 1.00 -2.05901377
296.14825200 0.85 0.36570923
298.67345200 1.10 2.89090923
367.35388400 0.80 -2.05901377
369.92915300 1.15 0.51625523
439.22650600 1.10 -2.05901377
441.75114400 0.90 0.46562423
444.02602100 0.85 2.74050123
450.78427500 1.00 -2.05901377
453.40941800 1.20 0.56612923
460.11736100 1.10 -2.05901377
462.64216300 1.00 0.46578823
531.18127000 1.00 -2.05901377
533.65629500 1.10 0.41601123
540.11419000 0.90 -2.05901377
542.63920100 1.00 0.46599723
