2.72601400 1.20 -1.82079072
5.35088700 0.95 0.80408228
7.97580300 0.95 3.42899828
14.08378600 0.80 -1.82079072
16.75899800 1.10 0.85442128
86.04805800 1.10 -1.82079072
88.77290500 1.05 0.90405628
95.13093600 1.00 -1.82079072
97.55568000 0.80 0.60395328
104.31411700 1.15 -1.82079072
107.13907800 1.20 1.00417028
113.64681600 0.90 -1.82079072
116.02184000 1.00 0.55423328
118.44662200 0.90 2.97901528
187.53572600 0.95 -1.82079072
189.76065000 0.90 0.40413328
192.38577900 1.10 3.02926228
198.84379300 1.05 -1.82079072
