274.69898500 0.85 -1.93371840
277.47422600 1.20 0.84152260
283.68204200 0.90 -1.93371840
285.85687400 0.85 0.24111360
292.61516000 1.15 -1.93371840
295.14019400 1.10 0.59131560
364.12065500 0.85 -1.93371840
366.64570100 0.95 0.59132760
435.68498300 1.15 -1.93371840
438.45992700 1.20 0.84122560
444.86760400 0.85 -1.93371840
447.49266700 0.95 0.69134460
450.11747400 0.90 3.31615160
456.42573600 1.05 -1.93371840
459.00059500 1.00 0.64114060
461.52571100 1.20 3.16625660
464.40059200 1.20 6.04113760
533.48961200 1.15 -1.93371840
535.86426000 0.90 0.44092960
542.22267200 1.20 -1.93371840
