2.63409200 1.05 -2.23169276
5.16742300 0.95 0.30163824
7.64222700 0.80 2.77644224
14.01696500 0.80 -2.23169276
16.54232900 1.20 0.29367124
23.21680500 0.95 -2.23169276
25.44167600 0.90 -0.00682176
28.07514200 1.15 2.62664424
96.90568500 1.20 -2.23169276
99.13051200 0.85 -0.00686576
101.50543500 0.90 2.36805724
103.99695500 0.80 4.85957724
110.55536700 1.15 -2.23169276
113.38031700 1.20 0.59325724
182.56934600 1.15 -2.23169276
185.14428400 1.20 0.34324524
187.56896300 1.00 2.76792424
193.73531200 0.95 -2.23169276
196.26043400 1.10 0.29342924
265.39936100 1.00 -2.23169276
268.27439700 1.15 0.64334324
