2.57603700 0.90 -1.93320594
5.10086400 0.90 0.59162106
7.57593100 1.00 3.06668806
14.03405600 1.05 -1.93320594
16.60911200 0.95 0.64185006
85.76470200 1.20 -1.93320594
88.28926500 0.90 0.59135706
95.14761500 1.05 -1.93320594
97.97256900 1.15 0.89174806
167.07001700 1.20 -1.93320594
169.29454700 0.85 0.29132406
171.96964600 1.05 2.96642306
174.49455100 1.00 5.49132806
243.50831300 0.80 -1.93320594
245.98356500 1.15 0.54204606
252.79172400 1.20 -1.93320594
255.11619200 0.85 0.39126206
261.37435400 0.85 -1.93320594
