2.61772500 0.95 -2.34993350
5.39286900 1.15 0.42521050
74.30668900 1.05 -2.34993350
76.63140600 0.85 -0.02521650
79.20660600 1.15 2.54998350
81.43128500 0.85 4.77466250
150.16220500 1.10 -2.34993350
152.78718000 1.10 0.27504150
221.97625300 1.15 -2.34993350
224.70118700 1.15 0.37500050
227.22599900 1.10 2.89981250
295.74827400 1.00 -2.34993350
298.62341900 1.20 0.52521150
300.94795000 0.85 2.84974250
307.70632500 1.15 -2.34993350
310.53125800 1.15 0.47499950
316.98919500 1.05 -2.34993350
319.86422200 1.20 0.52509350
322.48905500 1.10 3.14992650
329.24725500 1.20 -2.34993350
