270.48269700 0.95 -2.14844941
273.15778000 1.10 0.52663359
275.58262300 1.05 2.95147659
344.66325400 0.95 -2.14844941
347.14658100 1.00 0.33487759
353.47086400 0.85 -2.14844941
356.30476800 1.20 0.68545459
362.37921800 0.90 -2.14844941
364.75404000 0.85 0.22637259
370.92076400 1.10 -2.14844941
373.34546600 0.95 0.27625259
375.97060500 1.10 2.90139159
378.79556600 1.20 5.72635259
385.35370100 1.20 -2.14844941
388.12845200 1.10 0.62630159
390.85336800 1.10 3.35121759
459.22554800 0.85 -2.14844941
461.90060000 1.00 0.52660259
530.52291900 0.90 -2.14844941
533.19807400 1.15 0.52670559
539.50611600 1.10 -2.14844941
542.33097100 1.10 0.67640559
