2.81801400 1.20 -1.88784994
5.29281700 1.15 0.58695306
74.14030100 1.20 -1.88784994
76.71504800 0.95 0.68689706
79.03974600 0.85 3.01159506
85.54808700 1.10 -1.88784994
88.07282400 1.00 0.63688706
94.43109300 1.10 -1.88784994
97.00588800 1.00 0.68694506
165.79482900 0.95 -1.88784994
168.46988800 1.05 0.78720906
237.37563500 1.10 -1.88784994
240.00062700 1.15 0.73714206
242.63366200 0.95 3.37017706
311.55625500 1.15 -1.88784994
314.43119500 1.15 0.98709006
317.05600900 1.05 3.61190406
323.56385000 0.85 -1.88784994
