332.53821900 0.90 -1.92598236
335.01311000 0.90 0.54890864
341.32136800 1.05 -1.92598236
343.74629800 1.05 0.49894764
412.98529900 1.10 -1.92598236
415.71007700 1.05 0.79879564
418.23515100 1.20 3.32386964
486.97384700 0.85 -1.92598236
489.24875500 0.85 0.34892564
495.50719200 1.20 -1.92598236
497.73173200 0.85 0.29855764
504.29011100 1.15 -1.92598236
506.61482100 0.95 0.39872764
509.08983500 1.05 2.87374164
515.74808200 1.20 -1.92598236
518.52280300 1.05 0.84873864
520.99755400 0.90 3.32348964
527.80589600 1.20 -1.92598236
530.18049400 0.85 0.44861564
532.85560300 1.05 3.12372464
539.71369900 1.10 -1.92598236
542.13848000 1.00 0.49879864
