2.32592600 0.90 -1.93680516
5.00103900 1.10 0.73830784
7.57583900 0.95 3.31310784
76.77329000 1.15 -1.93680516
79.64822600 1.20 0.93813084
85.90609900 0.95 -1.93680516
88.63121400 1.10 0.78830984
95.23931600 1.15 -1.93680516
97.61397000 0.90 0.43784884
100.13888600 0.95 2.96276484
168.97810000 1.15 -1.93680516
171.60277100 0.95 0.68786584
178.11085300 0.95 -1.93680516
180.73594700 1.20 0.68828884
249.52444200 0.80 -1.93680516
252.24967200 1.00 0.78842484
254.92462000 1.05 3.46337284
324.17210000 1.20 -1.93680516
326.79692400 1.20 0.68801884
