2.62637600 1.20 -1.85130361
5.30115500 1.15 0.82347539
74.60678200 1.15 -1.85130361
77.28157900 0.95 0.82349339
79.90649700 1.05 3.44841139
149.10388600 1.05 -1.85130361
151.62858000 0.85 0.67339039
154.10363300 1.00 3.14844339
223.14250600 0.90 -1.85130361
225.66733100 0.80 0.67352139
232.02534300 0.80 -1.85130361
234.70062800 1.15 0.82398139
236.82521200 0.80 2.94856539
305.55600600 0.90 -1.85130361
308.23096600 1.00 0.82365639
315.03906300 1.05 -1.85130361
317.51385700 0.90 0.62349039
323.62214500 1.10 -1.85130361
