273.94094200 1.05 -1.83493525
276.76586300 1.10 0.98998575
283.72394200 1.10 -1.83493525
286.49877500 1.05 0.93989775
355.17949100 1.00 -1.83493525
357.70417700 0.80 0.68975075
426.62663000 0.90 -1.83493525
429.25181300 1.20 0.79024775
435.30983100 1.05 -1.83493525
437.68457000 0.85 0.53980375
444.24282600 1.05 -1.83493525
446.81776100 1.10 0.73999975
449.54261000 1.05 3.46484875
451.91742100 0.95 5.83965975
458.27569600 1.10 -1.83493525
460.90058200 1.15 0.78995075
467.50853700 0.95 -1.83493525
470.43363700 1.20 1.09016475
539.56420500 0.95 -1.83493525
542.03924800 1.15 0.64010775
