2.16764600 0.85 -2.24618175
4.74257900 1.00 0.32875125
7.56769200 1.20 3.15386425
14.02585700 1.20 -2.24618175
16.75050700 1.00 0.47846825
23.16713300 1.15 -2.24618175
25.49170800 0.85 0.07839325
28.41696400 1.20 3.00364925
97.18057100 0.80 -2.24618175
100.05592700 1.20 0.62917425
106.41380300 0.95 -2.24618175
109.03847100 1.05 0.37848625
111.86385500 1.20 3.20387025
114.38874800 1.20 5.72876325
120.84661800 1.00 -2.24618175
123.42144400 0.90 0.32864425
129.42968800 1.05 -2.24618175
131.95443800 0.90 0.27856825
138.46269100 1.05 -2.24618175
141.08769400 1.20 0.37882125
