274.61567400 0.80 -1.65367835
277.44099900 1.20 1.17164665
346.76332500 1.10 -1.65367835
349.18794300 0.80 0.77093965
351.86313400 1.10 3.44613065
358.27105400 0.90 -1.65367835
360.69583400 0.80 0.77110165
429.52687700 1.00 -1.65367835
432.25171100 1.00 1.07115565
434.42645800 0.80 3.24590265
503.30743500 1.00 -1.65367835
505.58216800 0.85 0.62105465
512.34043100 1.00 -1.65367835
514.96529800 0.95 0.97118865
521.42351400 1.10 -1.65367835
524.04853900 1.20 0.97134665
530.70647100 1.10 -1.65367835
533.13141200 1.10 0.77126265
539.88944400 1.05 -1.65367835
542.61449800 1.20 1.07137565
