2.36783500 1.00 -1.82352294
5.04283800 1.15 0.85148006
73.89852100 1.10 -1.82352294
76.37354700 1.15 0.65150306
82.78146900 1.00 -1.82352294
85.40646000 1.10 0.80146806
92.21460300 1.15 -1.82352294
94.93951400 1.15 0.90138806
100.99737200 0.90 -1.82352294
103.17216500 0.80 0.35127006
171.96159200 1.10 -1.82352294
174.58659900 1.20 0.80148406
176.96118300 0.90 3.17606806
179.73624100 1.05 5.95112606
248.60880900 1.15 -1.82352294
251.03357900 1.05 0.60124706
257.74176000 1.15 -1.82352294
260.06643200 0.90 0.50114906
