2.41742700 0.85 -2.16574179
4.74264300 1.00 0.15947421
10.80087900 1.10 -2.16574179
13.47599700 1.05 0.50937621
20.03383700 1.05 -2.16574179
22.70879100 1.15 0.50921221
25.18371800 1.15 2.98413921
94.23935600 1.10 -2.16574179
97.01429500 1.05 0.60919721
166.30346000 1.20 -2.16574179
168.82835600 1.15 0.35915421
171.35324900 1.20 2.88404721
173.62779400 0.80 5.15859221
242.55893900 1.20 -2.16574179
245.43372600 1.15 0.70904521
313.90588300 0.85 -2.16574179
316.58116300 1.15 0.50953821
319.00578300 0.95 2.93415821
325.51422900 1.20 -2.16574179
