2.71764000 1.00 -2.02492468
5.39260200 0.95 0.65003732
7.56740600 0.85 2.82484132
13.93404900 1.00 -2.02492468
16.50908400 1.15 0.55011032
23.06704300 1.00 -2.02492468
25.54207400 1.15 0.45010632
32.00846700 1.10 -2.02492468
34.68324100 1.00 0.64984932
103.53074400 1.15 -2.02492468
106.05551500 1.05 0.49984632
112.86346500 0.90 -2.02492468
115.68858500 1.10 0.80019532
118.21317000 0.85 3.32478032
120.68803000 0.85 5.79964032
127.24610600 0.80 -2.02492468
129.42108200 0.85 0.15005132
198.36843400 0.90 -2.02492468
200.89329800 0.85 0.49993932
