143.92874000 0.80 -2.38174577
146.60390600 1.05 0.29342023
149.22865200 0.95 2.91816623
152.00360000 1.05 5.69311423
220.79256000 0.90 -2.38174577
223.21735400 0.80 0.04304823
292.59839800 1.20 -2.38174577
295.27322700 1.15 0.29308323
297.89803900 1.05 2.91789523
300.42270900 0.80 5.44256523
369.41206200 1.00 -2.38174577
372.13677800 1.00 0.34297023
440.87555700 0.80 -2.38174577
443.80088500 1.20 0.54358223
450.60890200 1.20 -2.38174577
453.28379300 1.15 0.29314523
522.07250000 0.90 -2.38174577
524.59778000 1.20 0.14353423
526.97229800 0.85 2.51805223
533.58054900 1.10 -2.38174577
535.95543000 1.00 -0.00686477
542.51373200 1.20 -2.38174577
