266.29262400 1.10 -2.32855022
268.77810200 0.90 0.15692778
271.56347700 1.05 2.94230278
340.77763700 1.20 -2.32855022
343.45482100 1.10 0.34863378
345.98994600 0.90 2.88375878
352.36101800 0.90 -2.32855022
355.03792800 1.20 0.34835978
361.56743500 1.05 -2.32855022
364.20255400 1.00 0.30656878
370.76544800 1.00 -2.32855022
373.60085000 1.20 0.50685178
376.42776400 1.20 3.33376578
445.39171800 1.15 -2.32855022
448.01889800 1.20 0.29862978
454.29825500 1.05 -2.32855022
456.97515800 1.15 0.34835278
459.85218700 1.20 3.22538178
462.32885100 1.10 5.70204578
468.94161100 0.85 -2.32855022
471.47679700 0.95 0.20663578
540.85774600 1.15 -2.32855022
543.53503300 1.05 0.34873678
