328.33606400 1.05 -2.30547808
330.71305800 0.90 0.07151592
333.54850800 1.20 2.90696592
339.86944300 0.80 -2.30547808
342.09600700 0.90 -0.07891408
344.67278200 0.85 2.49786092
413.64533800 1.15 -2.30547808
416.13070600 0.90 0.17988992
418.65745400 1.00 2.70663792
425.02017700 0.90 -2.30547808
427.39687500 1.00 0.07121992
430.27298100 1.20 2.94732592
432.80059100 1.00 5.47493592
439.23011700 1.20 -2.30547808
441.85693900 1.20 0.32134392
511.06285600 1.15 -2.30547808
513.49821500 1.10 0.12988092
516.12500000 0.90 2.75666592
522.35434000 0.95 -2.30547808
525.08128700 1.15 0.42146892
531.54407700 1.10 -2.30547808
534.12086000 1.10 0.27130492
540.78377000 1.00 -2.30547808
543.16044800 1.05 0.07119992
