2.42664500 0.90 -1.68420811
5.01231400 1.20 0.90146089
7.64742000 1.00 3.53656689
13.70987300 0.80 -1.68420811
16.03652600 0.90 0.64244489
22.51599200 0.90 -1.68420811
25.00105800 0.90 0.80085789
31.52224900 1.00 -1.68420811
33.89893900 0.95 0.69248189
40.62023900 0.95 -1.68420811
43.04692900 1.10 0.74248189
111.96925500 0.80 -1.68420811
114.44648100 1.05 0.79301789
116.97322300 1.00 3.31975989
186.39603600 1.20 -1.68420811
189.17335200 1.15 1.09310789
258.03727700 0.85 -1.68420811
260.67297000 1.00 0.95148489
