2.33503900 0.80 -1.93473906
5.07056700 1.00 0.80078894
7.80597900 1.05 3.53620094
14.43557200 1.15 -1.93473906
16.77041600 0.80 0.40010494
85.84303300 1.20 -1.93473906
88.27837800 0.95 0.50060594
94.66621500 1.10 -1.93473906
97.45982700 1.05 0.85887294
99.95301900 0.80 3.35206494
106.22418700 0.90 -1.93473906
108.90937400 0.95 0.75044794
178.29050100 1.10 -1.93473906
181.17582600 1.20 0.95058594
184.00324800 1.20 3.77800794
190.52440100 1.10 -1.93473906
193.00937200 0.90 0.55023194
262.03181900 0.85 -1.93473906
