209.49551800 1.05 -1.99439800
212.38954500 1.15 0.89962900
218.51882400 0.90 -1.99439800
221.20399200 1.15 0.69077000
228.17555400 1.10 -1.99439800
230.96085200 1.05 0.79090000
299.97494900 1.00 -1.99439800
302.65230400 1.10 0.68295700
309.06504800 1.05 -1.99439800
311.64191100 1.05 0.58246500
318.21314700 1.20 -1.99439800
320.88996700 1.10 0.68242200
389.66224900 0.90 -1.99439800
392.19778400 1.00 0.54113700
395.08317100 1.15 3.42652400
397.76004200 1.20 6.10339500
466.68241800 1.00 -1.99439800
468.91760800 0.85 0.24079200
471.29430100 0.95 2.61748500
540.75895700 1.20 -1.99439800
543.44446100 1.00 0.69110600
