145.65951400 1.05 -2.21819332
148.13617300 0.85 0.25846568
217.51753400 1.10 -2.21819332
220.00256000 0.80 0.26683268
288.93355000 1.05 -2.21819332
291.76056700 1.20 0.60882368
294.43738700 1.05 3.28564368
363.86037200 1.10 -2.21819332
366.33699700 0.95 0.25843168
368.96382400 1.00 2.88525868
371.74077700 1.10 5.66221168
378.25364000 1.10 -2.21819332
381.18900900 1.20 0.71717568
387.50170200 1.20 -2.21819332
390.27861200 1.10 0.55871668
458.85927100 0.95 -2.21819332
461.09415900 0.85 0.01669468
463.72935100 0.90 2.65188668
532.32667700 0.90 -2.21819332
534.70331100 0.90 0.15844068
537.18002800 0.85 2.63515768
543.40111700 1.20 -2.21819332
