2.71914900 1.20 -2.21553295
5.09535900 0.85 0.16067705
7.67243600 0.95 2.73775405
14.18533200 1.15 -2.21553295
16.76209000 1.05 0.36122505
19.28875700 1.00 2.88789205
25.65152000 0.90 -2.21553295
28.17832500 1.10 0.31127205
35.19153900 1.15 -2.21553295
37.96844900 1.05 0.56137705
40.80381900 1.15 3.39674705
43.08018800 0.80 5.67311605
49.79336000 1.20 -2.21553295
52.47019800 1.15 0.46130505
121.16745900 0.80 -2.21553295
123.89443200 1.10 0.51144005
192.92545600 0.90 -2.21553295
195.80244700 1.15 0.66145805
264.49155000 0.90 -2.21553295
