2.63566000 1.05 -2.39123905
5.37081900 1.10 0.34391995
74.56027900 1.05 -2.39123905
77.28716100 1.15 0.33564295
146.47661200 1.10 -2.39123905
148.90327000 0.95 0.03541895
151.17983500 0.95 2.31198395
153.95681900 1.15 5.08896795
222.96269800 0.80 -2.39123905
225.63973500 1.20 0.28579795
231.71046600 0.85 -2.39123905
234.08706200 0.90 -0.01464305
240.60825900 1.00 -2.39123905
243.08495000 0.85 0.08545195
245.62010100 0.85 2.62060295
252.03286900 1.10 -2.39123905
254.65968800 1.10 0.23557995
257.03631000 1.05 2.61220195
259.61309500 1.05 5.18898695
328.61081200 1.00 -2.39123905
