2.31868800 0.95 -1.84154050
4.94561600 1.05 0.78538750
73.89328000 1.20 -1.84154050
76.52005600 1.05 0.78523550
79.04668100 0.80 3.31186050
85.16765300 0.90 -1.84154050
87.64432600 0.85 0.63513250
90.32118900 0.95 3.31199550
97.18435800 1.10 -1.84154050
99.76109300 1.15 0.73519450
169.19232400 0.85 -1.84154050
171.66905700 0.80 0.63519250
241.05871500 1.00 -1.84154050
243.58548900 1.00 0.68523350
250.44858600 1.10 -1.84154050
252.77511800 0.85 0.48499150
255.65222700 1.20 3.36210050
262.46528700 1.20 -1.84154050
