277.60055500 1.10 -1.64895353
280.02743300 0.85 0.77792447
286.84057600 1.15 -1.64895353
289.51740700 1.15 1.02787747
292.09410900 0.85 3.60457947
298.40682300 0.80 -1.64895353
301.03375800 1.15 0.97798147
370.02302900 0.95 -1.64895353
372.44968500 0.85 0.77770247
379.11270400 1.15 -1.64895353
381.88964700 1.15 1.12798947
450.67044600 0.90 -1.64895353
453.25561100 0.90 0.93621147
522.03650800 1.10 -1.64895353
524.81338900 1.05 1.12792747
530.98443800 1.15 -1.64895353
533.56118000 1.20 0.92778847
536.18799100 1.10 3.55459947
542.70079900 1.10 -1.64895353
