2.47681000 0.85 -2.53391860
5.15412400 1.00 0.14339540
7.78088200 0.90 2.77015340
10.20759400 1.05 5.19686540
16.57042000 1.20 -2.53391860
19.30557400 1.15 0.20123540
22.09084500 1.10 2.98650640
24.57583700 0.80 5.47149840
31.10535100 0.85 -2.53391860
33.64052900 1.10 0.00125940
39.95317300 1.00 -2.53391860
42.63006700 1.05 0.14297540
45.10673800 0.95 2.61964640
114.22920300 1.10 -2.53391860
117.15665600 1.20 0.39353440
123.72791800 1.20 -2.53391860
126.30466200 1.10 0.04282540
132.76743800 1.00 -2.53391860
135.60281000 1.15 0.30145340
204.27478300 0.90 -2.53391860
