2.92722900 1.20 -2.62203959
5.40425100 0.95 -0.14501759
7.98107000 1.00 2.43180141
76.75331300 1.10 -2.62203959
79.23044100 1.15 -0.14491159
82.00734700 1.10 2.63199441
88.76998100 1.10 -2.62203959
90.94677800 0.85 -0.44524259
160.11102500 1.10 -2.62203959
162.43787400 0.85 -0.29519059
164.86465800 1.05 2.13159341
171.29418000 0.95 -2.62203959
173.77086400 1.10 -0.14535559
180.53391000 1.10 -2.62203959
182.91880700 0.85 -0.23714259
185.40391500 1.15 2.24796541
187.88061800 1.05 4.72466841
256.94471200 1.15 -2.62203959
259.53021100 0.85 -0.03654059
262.40720400 1.20 2.84045241
264.98399400 1.15 5.41724241
271.35513700 1.15 -2.62203959
