213.84001000 0.80 -1.66962800
216.46730800 1.20 0.95767000
218.94401200 1.15 3.43437400
225.67373100 1.20 -1.66962800
228.40890500 1.10 1.06554600
297.48130900 0.90 -1.66962800
300.15862100 0.95 1.00768400
306.42964500 1.00 -1.66962800
309.06481000 1.00 0.96553700
311.44984000 1.05 3.35056700
317.56234300 0.90 -1.66962800
320.09752700 1.10 0.86555600
388.82803100 0.95 -1.66962800
391.45535400 1.20 0.95769500
460.42776500 1.05 -1.66962800
463.00494300 0.95 0.90755000
469.42604000 0.90 -1.66962800
471.95275600 0.85 0.85708800
540.86679600 0.90 -1.66962800
543.19380900 0.95 0.65738500
