272.42250500 1.15 -2.04432110
274.80777700 0.85 0.34095090
281.37075500 1.05 -2.04432110
284.19775900 1.20 0.78268290
286.92456000 1.05 3.50948390
293.58758700 1.15 -2.04432110
296.07254200 1.05 0.44063390
365.31190400 1.05 -2.04432110
367.99749800 1.05 0.64127290
437.06172100 1.20 -2.04432110
439.54715200 1.00 0.44110990
442.33246700 1.15 3.22642490
448.79528700 1.20 -2.04432110
451.22182500 0.80 0.38221690
458.20171400 1.10 -2.04432110
460.47815500 0.80 0.23211990
467.04122000 1.15 -2.04432110
469.41781700 0.90 0.33227590
471.80276400 0.85 2.71722290
474.43803600 0.95 5.35249490
543.34376600 1.20 -2.04432110
