2.82714300 1.20 -1.94931142
5.45422800 0.90 0.67777358
74.62682300 1.05 -1.94931142
76.96222600 0.95 0.38609158
79.59738200 0.90 3.02124758
85.86000700 0.80 -1.94931142
88.33679500 1.05 0.52747658
90.92195500 1.05 3.11263658
160.16952900 1.10 -1.94931142
162.59664100 0.95 0.47780058
231.70250100 1.10 -1.94931142
234.17967300 1.15 0.52786058
236.55625000 0.95 2.90443758
243.52780100 1.20 -1.94931142
246.10451600 0.85 0.62740358
248.38116400 0.85 2.90405158
317.50366200 1.05 -1.94931142
319.88068500 0.80 0.42771158
326.65207100 1.00 -1.94931142
