2.62709200 1.15 -2.21260068
5.45443700 1.15 0.61474432
7.98126600 1.20 3.14157332
14.14392500 1.00 -2.21260068
16.72074400 1.00 0.36421832
19.39762000 0.95 3.04109432
22.02455000 0.95 5.66802432
28.23720700 1.05 -2.21260068
31.11428800 1.15 0.66448032
37.67718300 0.95 -2.21260068
40.30404700 1.05 0.41426332
42.58065400 0.90 2.69087032
49.10198800 1.05 -2.21260068
51.52860600 0.85 0.21401732
120.70191900 1.15 -2.21260068
123.33743800 1.00 0.42291832
192.61047900 1.10 -2.21260068
195.28768100 1.00 0.46460132
264.05249600 0.80 -2.21260068
