208.81150300 0.90 -2.38513973
211.09690300 0.95 -0.09973973
217.05922200 0.80 -2.38513973
219.63610400 0.85 0.19174227
288.65015600 0.85 -2.38513973
291.12737100 1.05 0.09207527
293.30382800 0.85 2.26853227
361.86759600 0.80 -2.38513973
364.59503500 1.15 0.34229927
367.53046500 1.20 3.27772927
369.90701000 0.95 5.65427427
376.21978500 1.15 -2.38513973
378.94663600 1.00 0.34171127
381.67359300 1.20 3.06866827
384.45049300 1.10 5.84556827
391.21353600 1.20 -2.38513973
393.74021000 0.95 0.14153427
400.10305200 1.00 -2.38513973
402.67978000 1.05 0.19158827
471.75235500 1.20 -2.38513973
474.28776900 0.85 0.15027427
543.70220800 1.10 -2.38513973
