85.81806600 1.15 -2.05958743
88.29514500 1.10 0.41749157
157.36763600 0.80 -2.05958743
159.74475000 0.95 0.31752657
228.51704300 0.80 -2.05958743
230.90256800 1.05 0.32593757
233.48769500 1.10 2.91106457
236.02276600 0.80 5.44613557
304.59487000 0.80 -2.05958743
307.08032800 0.80 0.42587057
376.54496900 1.20 -2.05958743
379.28053700 1.00 0.67598057
382.06590900 1.20 3.46135257
451.18828800 0.95 -2.05958743
453.96581600 1.15 0.71794057
460.68706600 1.20 -2.05958743
463.52245200 1.20 0.77579857
532.48647800 1.05 -2.05958743
534.96362200 1.05 0.41755657
537.18969700 0.90 2.64363157
543.66131000 1.00 -2.05958743
