2.82710600 1.20 -2.02727895
5.35418600 0.80 0.49980105
8.23964900 1.20 3.38526405
14.81082600 1.10 -2.02727895
17.33759300 0.85 0.49948805
23.65857800 1.20 -2.02727895
25.88509200 0.85 0.19923505
28.46189500 0.90 2.77603805
97.64282300 1.10 -2.02727895
100.52860700 1.15 0.85850505
106.94131300 1.20 -2.02727895
109.61824800 1.10 0.64965605
111.99473300 0.85 3.02614105
118.16576600 0.80 -2.02727895
120.74253600 1.10 0.54949105
126.96359800 1.05 -2.02727895
129.33987700 1.00 0.34900005
131.66683500 0.95 2.67595805
138.13803000 1.15 -2.02727895
140.91496300 1.20 0.74965405
