207.00214500 1.05 -2.27448159
209.73789200 1.20 0.46126541
211.96427900 0.80 2.68765241
280.92834900 0.80 -2.27448159
283.81420800 1.15 0.61137741
290.62721500 1.15 -2.27448159
293.25404000 0.90 0.35234341
299.82527700 1.05 -2.27448159
302.71065300 1.20 0.61089441
305.49589900 1.10 3.39614041
312.21718600 1.20 -2.27448159
315.04419400 1.10 0.55252641
383.86646600 0.95 -2.27448159
386.35195200 1.05 0.21100441
455.32433500 0.85 -2.27448159
457.85154900 1.10 0.25273241
460.37825200 1.05 2.77943541
529.50080100 1.00 -2.27448159
532.02791300 0.80 0.25263041
534.66309100 1.05 2.88780841
537.18980600 0.80 5.41452341
544.06134500 1.05 -2.27448159
