2.46892000 1.05 -2.34371850
5.19577700 1.05 0.38313850
7.92267800 1.10 3.11003950
14.28535100 0.95 -2.34371850
17.21244000 1.20 0.58337050
23.48340900 1.05 -2.34371850
26.26034700 1.20 0.43321950
33.08178200 1.15 -2.34371850
35.80853100 1.10 0.38303050
38.23521300 1.00 2.80971250
107.41636900 1.10 -2.34371850
109.74298600 1.00 -0.01710150
115.91391400 0.80 -2.34371850
118.39901100 1.05 0.14137850
120.77562700 1.05 2.51799450
190.00664700 1.20 -2.34371850
192.79210900 1.15 0.44174350
194.96848700 0.85 2.61812150
197.69546600 1.15 5.34510050
204.55851200 1.10 -2.34371850
