266.72646000 1.05 -2.41144357
269.00297900 0.80 -0.13492457
271.62986800 1.05 2.49196443
274.40681400 1.10 5.26891043
280.86962200 1.15 -2.41144357
283.49643800 1.15 0.21537243
286.12324200 1.10 2.84217643
288.70001200 1.10 5.41894643
357.93950800 1.00 -2.41144357
360.12435300 0.85 -0.22659857
362.80957000 0.95 2.45861843
369.38068100 1.00 -2.41144357
371.80735700 0.80 0.01523243
378.47872500 1.15 -2.41144357
381.00545100 1.10 0.11528243
387.91856600 1.10 -2.41144357
390.44520600 0.80 0.11519643
393.12216900 1.20 2.79215943
399.69335600 1.00 -2.41144357
402.32011400 0.90 0.21531443
471.50961000 1.00 -2.41144357
474.03639500 1.10 0.11534143
542.82548000 0.80 -2.41144357
