2.66775400 1.00 -1.72260289
5.50111700 1.10 1.11076011
12.00951700 1.20 -1.72260289
14.78406300 1.15 1.05194311
83.79808400 1.10 -1.72260289
86.22277500 0.95 0.70208811
92.88088500 0.95 -1.72260289
95.20572800 0.95 0.60224011
97.68086600 1.10 3.07737811
104.03901300 1.20 -1.72260289
106.76396100 1.20 1.00234511
175.94449100 1.15 -1.72260289
178.51943500 1.15 0.85234111
180.94410500 0.95 3.27701111
187.70240500 1.10 -1.72260289
190.42719200 1.05 1.00218411
196.88510500 0.90 -1.72260289
199.71024000 1.10 1.10253211
