2.37612400 1.00 -2.10650279
5.00098100 1.00 0.51835421
7.32570700 0.85 2.84308021
76.56491100 1.05 -2.10650279
79.18996000 1.20 0.51854621
85.54800600 1.15 -2.10650279
88.42292700 1.15 0.76841821
90.84758600 0.95 3.19307721
96.95560600 0.85 -2.10650279
99.53063600 1.00 0.46852721
105.83892300 1.15 -2.10650279
108.31348700 0.85 0.36806121
111.08878500 1.20 3.14335921
117.54656400 0.95 -2.10650279
120.22154900 1.05 0.56848221
126.47954300 0.95 -2.10650279
129.40473400 1.20 0.81868821
132.22947400 1.10 3.64342821
138.98725200 0.80 -2.10650279
