266.89936800 1.20 -2.37050848
269.22408900 1.00 -0.04578748
275.28197900 0.85 -2.37050848
277.55696900 0.90 -0.09551848
283.96529800 1.10 -2.37050848
286.84025300 1.15 0.50444652
289.66506000 1.10 3.32925352
358.55395100 1.00 -2.37050848
361.42895100 1.15 0.50449152
430.60963300 1.15 -2.37050848
433.33457500 1.15 0.35443352
436.00945700 1.15 3.02931552
438.58402100 0.85 5.60387952
445.09219200 0.95 -2.37050848
447.41709500 0.90 -0.04560548
454.12519600 0.95 -2.37050848
456.70025600 1.10 0.20455152
526.17264600 1.20 -2.37050848
528.69725600 0.90 0.15410152
531.17225700 1.00 2.62910252
533.79715000 1.00 5.25399552
540.10547500 1.20 -2.37050848
542.42990000 0.80 -0.04608348
