211.18523300 1.20 -1.88691490
213.77617000 0.95 0.70402210
220.60112500 1.15 -1.88691490
222.97569200 0.80 0.48765210
292.00669700 1.15 -1.88691490
294.78164200 1.20 0.88803010
297.50652700 1.20 3.61291510
304.36450500 1.10 -1.88691490
306.63903900 0.80 0.38761910
309.11420600 1.05 2.86278610
311.38890300 0.80 5.13748310
380.51986500 1.05 -1.88691490
382.94455300 0.85 0.53777310
452.02545400 1.10 -1.88691490
454.75032200 1.15 0.83795310
461.60843500 1.10 -1.88691490
464.23339000 1.20 0.73804010
471.19142600 1.15 -1.88691490
473.86630100 1.15 0.78796010
543.10513000 1.05 -1.88691490
