2.51897000 1.05 -2.19930211
5.14570500 0.95 0.42743289
7.92266700 1.05 3.20439489
10.44934800 1.05 5.73107589
16.71207000 1.05 -2.19930211
19.08867000 0.90 0.17729789
25.40984400 1.05 -2.19930211
27.98655500 1.20 0.37740889
30.76347200 1.15 3.15432589
37.17625100 1.15 -2.19930211
39.85314000 1.20 0.47758689
42.68001200 1.20 3.30445889
111.82787900 1.05 -2.19930211
114.10437500 0.95 0.07719389
120.76736300 1.05 -2.19930211
123.19398500 0.85 0.22731989
129.75691100 0.85 -2.19930211
132.39213400 1.10 0.43592089
201.68999700 1.10 -2.19930211
