2.61770900 1.05 -2.36183633
4.94240800 0.85 -0.03713733
7.26753100 1.00 2.28798567
9.74244400 0.95 4.76289867
78.58969700 0.85 -2.36183633
81.21494500 1.15 0.26341167
87.52268900 0.80 -2.36183633
89.79760600 0.80 -0.08691933
96.30596500 1.10 -2.36183633
98.68089100 1.05 0.01308967
101.25571900 1.00 2.58791767
107.56382700 1.00 -2.36183633
109.83868000 0.95 -0.08698333
179.16966000 1.20 -2.36183633
181.54414100 0.80 0.01264467
249.93336400 0.85 -2.36183633
252.45848700 1.10 0.16328667
255.13324000 0.95 2.83803967
258.05838900 1.20 5.76318867
264.61630600 1.00 -2.36183633
267.39141000 1.20 0.41326767
