142.44580800 1.05 -2.42200739
144.77052700 0.90 -0.09728839
147.29519500 0.80 2.42737961
149.47025400 0.80 4.60243861
218.60951000 1.00 -2.42200739
221.03423700 0.85 0.00271961
227.34233800 0.85 -2.42200739
229.86759600 1.20 0.10325061
298.79823500 1.15 -2.42200739
301.37307700 1.15 0.15283461
304.04795700 1.05 2.82771461
306.87300100 1.20 5.65275861
313.23063700 0.80 -2.42200739
315.75572100 0.95 0.10307661
318.53918200 1.15 2.88653761
387.31956600 0.85 -2.42200739
389.89463500 1.05 0.15306161
392.41943200 0.95 2.67785861
461.25848500 0.95 -2.42200739
463.78352200 1.05 0.10302961
470.19171700 1.20 -2.42200739
472.81641900 1.00 0.20269461
541.95545400 1.10 -2.42200739
