142.70745700 1.05 -2.21398352
144.99281300 0.95 0.07137248
214.20701400 1.20 -2.21398352
216.63406500 0.80 0.21306748
223.09673400 0.90 -2.21398352
225.77371500 1.00 0.46299748
232.14495700 1.15 -2.21398352
234.72172300 1.00 0.36278248
237.49863500 1.05 3.13969448
306.81293800 1.05 -2.21398352
309.34017600 1.20 0.31325448
311.91689800 0.95 2.88997648
381.14783500 1.05 -2.21398352
383.88350800 1.00 0.52168948
453.19782800 1.00 -2.21398352
455.72496200 0.95 0.31315048
458.25126400 0.85 2.83945248
464.21421500 1.00 -2.21398352
466.64085900 0.90 0.21266048
468.96744300 0.80 2.53924448
471.75281400 1.20 5.32461548
540.72512100 0.95 -2.21398352
543.66099800 1.20 0.72189348
