270.10434700 1.10 -2.20002882
272.73156300 0.95 0.42718718
275.46682300 1.05 3.16244718
344.33076000 0.95 -2.20002882
346.91647200 1.00 0.38568318
353.43766000 1.15 -2.20002882
355.96432200 0.85 0.32663318
358.59121100 0.90 2.95352218
361.32646300 1.00 5.68877418
367.88937300 1.20 -2.20002882
370.66630700 1.20 0.57690518
377.33094300 1.05 -2.20002882
380.25628100 1.20 0.72530918
386.57734000 1.10 -2.20002882
388.90391500 1.00 0.12654618
391.28054200 1.00 2.50317318
397.60993800 0.90 -2.20002882
400.03655900 0.80 0.22659218
468.75892900 0.90 -2.20002882
471.09434000 0.95 0.13538218
473.52106200 1.10 2.56210418
542.88545100 1.10 -2.20002882
