2.71911200 1.20 -2.11212683
5.34585600 1.00 0.51461717
11.51683100 0.95 -2.11212683
14.24375200 1.05 0.61479417
20.56472100 0.90 -2.11212683
23.44177700 1.20 0.76492917
92.13921700 1.00 -2.11212683
94.96625100 1.20 0.71490717
97.59301900 1.20 3.34167517
103.95572100 1.20 -2.11212683
106.24063900 0.90 0.17279117
112.80350400 1.10 -2.11212683
115.48870200 0.95 0.57307117
118.26564300 1.05 3.35001217
121.09261300 1.15 6.17698217
189.74002300 0.80 -2.11212683
192.52538500 1.15 0.67323517
261.45620400 0.80 -2.11212683
