2.46787700 1.00 -2.42863050
5.19291300 1.05 0.29640550
73.88992200 0.85 -2.42863050
76.66518400 1.20 0.34663150
79.03982200 0.95 2.72126950
85.49805100 1.10 -2.42863050
88.07277500 0.90 0.14609350
90.84794000 1.20 2.92125850
93.47265700 1.05 5.54597550
162.21172700 1.10 -2.42863050
164.88651300 0.95 0.24615550
171.14462900 1.00 -2.42863050
173.31938000 0.85 -0.25387950
242.60862400 1.05 -2.42863050
245.43358000 1.15 0.39632550
251.99164800 1.15 -2.42863050
254.41623100 0.80 -0.00404750
256.84139300 1.05 2.42111450
259.06602000 0.80 4.64574150
265.47406200 0.80 -2.42863050
