205.70095600 1.15 -2.38861583
208.42782100 1.15 0.33824917
277.04177600 0.85 -2.38861583
279.66869900 1.15 0.23830717
348.69966200 1.05 -2.38861583
351.17627300 0.85 0.08799517
419.91553200 0.90 -2.38861583
422.55080000 1.20 0.24665217
424.77721500 0.85 2.47306717
431.10664400 0.95 -2.38861583
433.63338400 1.20 0.13812417
436.16007100 1.05 2.66481117
438.58676900 1.10 5.09150917
444.74930600 0.95 -2.38861583
447.52629200 1.15 0.38837017
450.30318300 1.10 3.16526117
452.92999200 1.05 5.79207017
521.44392000 0.80 -2.38861583
524.17930900 1.20 0.34677317
530.50023600 1.10 -2.38861583
533.07701700 1.10 0.18816517
539.63993000 1.20 -2.38861583
542.36673300 1.05 0.33818717
