2.56892900 0.90 -2.10537132
5.29587600 1.15 0.62157568
11.75866200 1.15 -2.10537132
14.53555600 1.20 0.67152268
17.36252600 1.10 3.49849268
86.15163700 0.85 -2.10537132
88.87861000 1.15 0.62160168
91.60548500 1.15 3.34847668
93.93205900 1.00 5.67505068
162.76274800 1.00 -2.10537132
165.53912600 1.15 0.67100668
172.41133000 1.10 -2.10537132
175.08814400 1.05 0.57144268
243.76054900 1.05 -2.10537132
246.28724200 0.85 0.42132168
252.19969800 1.10 -2.10537132
254.72637800 0.80 0.42130868
261.43945800 1.15 -2.10537132
263.86600000 0.85 0.32117068
