269.58667400 1.00 -2.22389636
272.31356200 1.00 0.50299164
274.99044200 1.10 3.17987164
281.75344200 1.05 -2.22389636
284.13008200 1.05 0.15274364
286.40656100 0.80 2.42922264
292.56917800 0.85 -2.22389636
295.24608900 1.05 0.45301464
297.77277900 0.90 2.97970464
300.39973900 1.15 5.60666464
307.32102800 0.95 -2.22389636
309.99790400 1.05 0.45297964
316.11048400 1.00 -2.22389636
318.83741600 1.20 0.50303564
387.67652200 0.80 -2.22389636
390.01154700 0.90 0.11112864
392.53827200 1.05 2.63785364
461.37735500 1.20 -2.22389636
464.00410800 1.00 0.40285664
470.82579700 1.20 -2.22389636
473.65269300 1.20 0.60299964
542.72531200 1.00 -2.22389636
