2.62686700 1.05 -1.97347084
5.25410500 1.20 0.65376716
8.03942600 1.20 3.43908816
14.51046300 1.05 -1.97347084
17.18739800 1.20 0.70346416
86.40161600 1.05 -1.97347084
88.67855900 0.80 0.30347216
91.16360600 0.85 2.78851916
93.54024900 0.85 5.16516216
162.86297200 1.10 -1.97347084
165.34010600 1.10 0.50366316
234.16238400 1.05 -1.97347084
236.53942900 0.85 0.40357416
242.56021800 0.85 -1.97347084
245.24552000 1.10 0.71183116
314.65996000 1.20 -1.97347084
317.29545100 0.95 0.66202016
323.97516000 1.10 -1.97347084
326.40183600 1.10 0.45320516
