2.81916000 1.10 -2.12646189
5.24573100 0.90 0.30010911
7.77260500 1.20 2.82698311
10.39937500 1.15 5.45375311
16.66203700 1.00 -2.12646189
19.43896200 1.10 0.65046311
26.06018600 1.05 -2.12646189
28.63699100 1.15 0.45034311
97.68473000 1.20 -2.12646189
100.16130700 0.80 0.35011511
102.69645700 0.85 2.88526511
109.10918800 0.95 -2.12646189
111.74435600 0.90 0.50870611
180.33339600 0.80 -2.12646189
182.65998200 0.85 0.20012411
185.19518100 0.95 2.73532311
254.32616900 0.90 -2.12646189
257.10314100 1.10 0.65051011
325.95908300 1.15 -2.12646189
