268.02749100 1.20 -2.29689583
270.61264100 1.20 0.28825417
277.13366000 0.95 -2.29689583
279.56869800 0.85 0.13814217
285.63949200 0.85 -2.29689583
288.46655500 1.15 0.53016717
294.67913900 1.10 -2.29689583
297.15584300 1.00 0.17980817
366.34537500 1.10 -2.29689583
368.67194100 0.90 0.02967017
371.14862700 0.95 2.50635617
374.03405700 1.15 5.39178617
442.79817700 1.05 -2.29689583
445.57512700 1.15 0.48005417
514.35578300 0.95 -2.29689583
517.04120600 1.00 0.38852717
519.82648700 1.20 3.17380817
526.43933100 1.05 -2.29689583
528.61578300 0.85 -0.12044383
531.40115000 1.05 2.66492317
533.62752900 0.85 4.89130217
540.29055000 1.10 -2.29689583
542.71715300 0.85 0.12970717
