265.52598300 1.20 -2.48231822
268.35332100 1.15 0.34501978
275.06629000 1.10 -2.48231822
277.44289300 0.95 -0.10571522
279.86954100 0.80 2.32093278
348.84202000 1.00 -2.48231822
351.51925700 0.95 0.19491878
358.19064400 1.15 -2.48231822
360.91747600 1.05 0.24451378
367.58041200 1.00 -2.48231822
370.41573300 1.10 0.35300278
372.79195000 0.80 2.72921978
375.37753900 1.20 5.31480878
444.84197200 1.20 -2.48231822
447.41914600 1.20 0.09485578
450.25442500 1.15 2.93013478
452.73113200 1.00 5.40684178
521.89532000 1.20 -2.48231822
524.47243100 0.90 0.09479278
526.75077100 0.85 2.37313278
533.56205700 1.00 -2.48231822
536.08878000 0.80 0.04440478
542.85195600 1.20 -2.48231822
