326.61825000 0.90 -2.65990087
329.05372500 0.90 -0.22442587
335.82517700 1.15 -2.65990087
338.51024900 0.95 0.02517113
341.04540800 1.10 2.56033013
343.72220100 0.95 5.23712312
350.40192300 1.20 -2.65990087
353.17872400 1.05 0.11690013
422.14279500 0.90 -2.65990087
424.86984400 1.15 0.06714813
427.59697500 1.00 2.79427912
430.02372800 0.85 5.22103212
436.73681400 1.20 -2.65990087
439.37182900 0.95 -0.02488587
442.14883200 1.05 2.75211713
449.01196100 1.15 -2.65990087
451.64710800 1.15 -0.02475388
454.32388200 0.95 2.65202012
523.29630100 0.95 -2.65990087
526.07371600 1.10 0.11751413
528.80891000 1.05 2.85270813
534.72961500 0.85 -2.65990087
537.20634600 0.80 -0.18316988
543.61913500 1.05 -2.65990087
