2.86800800 1.20 -1.98541737
5.39250300 0.85 0.53907763
12.00083400 1.15 -1.98541737
14.77568800 1.10 0.78943663
20.90044400 1.05 -1.98541737
23.22510300 0.85 0.33924163
25.60020700 1.00 2.71434563
32.17494800 1.00 -1.98541737
35.00004200 1.20 0.83967663
41.20781200 0.85 -1.98541737
43.93292800 1.10 0.73969863
50.59074500 0.85 -1.98541737
53.06574500 0.90 0.48958263
122.15508700 1.20 -1.98541737
124.37957800 0.80 0.23907363
127.10491100 1.20 2.96440663
129.77977100 1.15 5.63926663
198.71865500 1.00 -1.98541737
201.29360500 1.00 0.58953263
