274.64099600 1.10 -1.66612160
276.91558200 0.80 0.60846440
345.99673300 1.05 -1.66612160
348.62156000 0.95 0.95870540
351.14647100 1.10 3.48361640
357.60467000 1.20 -1.66612160
360.27949900 1.10 1.00870740
366.93768900 1.20 -1.66612160
369.31214000 0.80 0.70832940
371.98723300 0.95 3.38342240
440.83448400 0.80 -1.66612160
443.40962200 1.05 0.90901640
449.86789800 1.20 -1.66612160
452.64264100 1.05 1.10862140
459.30082700 1.10 -1.66612160
461.82547600 0.85 0.85852740
468.48364800 0.95 -1.66612160
471.05865400 1.05 0.90888440
539.94768800 1.00 -1.66612160
542.67260900 1.05 1.05879940
