329.23735100 1.20 -2.08006813
331.71583100 1.10 0.39841187
334.54473900 1.10 3.22731987
341.06206500 1.15 -2.08006813
343.49048200 0.90 0.34834887
350.46666700 1.20 -2.08006813
353.04533100 0.90 0.49859587
355.52364700 1.10 2.97691187
362.24959100 1.20 -2.08006813
364.72817200 0.85 0.39851287
367.35676600 0.95 3.02710687
373.87413500 0.85 -2.08006813
376.50263000 1.10 0.54842687
383.07834200 1.15 -2.08006813
385.55676000 1.10 0.39834987
388.13527800 1.20 2.97686787
457.04706700 1.15 -2.08006813
459.37530500 0.90 0.24816987
462.10404000 1.00 2.97690487
531.26624000 1.05 -2.08006813
533.64455600 0.85 0.29824787
539.81134100 1.00 -2.08006813
542.28984700 0.90 0.39843787
