2.61991100 1.20 -2.54723815
5.09830100 1.15 -0.06884815
11.72420500 1.20 -2.54723815
14.25272800 1.10 -0.01871515
83.16463000 0.80 -2.54723815
85.89326700 1.10 0.18139885
88.52186900 1.15 2.81000085
91.35072800 1.20 5.63885985
97.72624800 1.10 -2.54723815
100.60515100 1.15 0.33166485
103.38412800 1.05 3.11064185
105.91253800 1.15 5.63905185
112.32970800 1.20 -2.54723815
114.85833700 0.80 -0.01860915
121.52571900 1.20 -2.54723815
124.25453600 1.15 0.18157885
192.67406500 0.80 -2.54723815
195.35265400 1.05 0.13135085
197.68083300 0.85 2.45952985
203.59745400 0.90 -2.54723815
