206.44296800 1.20 -2.13249477
209.22181500 1.20 0.64635223
278.34234900 0.95 -2.13249477
280.82069200 1.05 0.34584823
287.53827700 1.10 -2.13249477
290.01697600 0.90 0.34620423
292.69551700 0.95 3.02474523
299.16272700 1.00 -2.13249477
301.64116600 0.85 0.34594423
370.26094100 0.80 -2.13249477
372.98962500 1.00 0.59618923
375.51793000 1.10 3.12449423
377.99690900 0.80 5.60347323
446.96670600 1.05 -2.13249477
449.89563700 1.20 0.79643623
456.22108300 1.10 -2.13249477
458.99989200 1.20 0.64631423
528.21213700 1.15 -2.13249477
530.84077800 1.10 0.49614623
533.26915900 1.00 2.92452723
539.73645300 1.00 -2.13249477
542.16472600 1.10 0.29577823
