2.72021800 1.10 -2.54520286
5.39881700 1.15 0.13339614
8.02735800 0.95 2.76193714
10.75622100 1.05 5.49080014
17.57403500 1.00 -2.54520286
20.45291900 1.20 0.33368114
27.32080000 1.05 -2.54520286
29.84936600 0.85 -0.01663686
32.67814500 1.10 2.81214214
35.15661500 1.05 5.29061214
41.37341200 1.20 -2.54520286
43.80188900 1.00 -0.11672586
46.03836400 0.80 2.11974914
115.17534700 1.05 -2.54520286
117.70382100 1.05 -0.01672886
123.97920600 0.90 -2.54520286
126.24946400 0.80 -0.27494486
132.46582200 1.05 -2.54520286
134.79411500 0.95 -0.21690986
137.07227600 0.90 2.06125114
206.25094600 1.10 -2.54520286
