271.12143000 1.10 -2.07996891
273.89885800 1.15 0.69745909
276.77581400 1.15 3.57441509
283.30531700 1.05 -2.07996891
286.13229000 1.10 0.74700409
288.46719000 0.95 3.08190409
294.67986000 1.05 -2.07996891
297.20662500 1.05 0.44679609
299.59160500 1.00 2.83177609
368.45564700 1.10 -2.07996891
370.69084600 0.90 0.15523009
373.26770500 1.05 2.73208909
442.53192100 1.15 -2.07996891
445.01740300 0.90 0.40551309
451.28837600 0.85 -2.07996891
453.52329900 0.85 0.15495409
456.15011000 0.90 2.78176509
525.13081500 0.95 -2.07996891
527.76641600 0.90 0.55563209
534.13755400 1.00 -2.07996891
536.77270500 0.95 0.55518209
543.29386600 1.15 -2.07996891
