206.66834000 0.90 -2.32493013
209.15394300 1.15 0.16067287
278.22639300 1.15 -2.32493013
281.16224700 1.20 0.61092387
287.23307800 0.95 -2.32493013
289.56797500 0.85 0.00996687
292.50346300 1.20 2.94545487
361.56753900 1.05 -2.32493013
364.09479200 1.20 0.20232287
366.47133700 0.80 2.57886787
369.15662300 1.05 5.26415387
375.36916200 0.90 -2.32493013
377.90436400 1.00 0.21027187
380.48942800 0.95 2.79533587
386.81047200 0.95 -2.32493013
389.43729700 0.90 0.30189487
392.02245900 0.90 2.88705687
461.14501300 1.00 -2.32493013
463.67209700 0.85 0.20215387
469.84313400 1.10 -2.32493013
472.27821600 1.10 0.11015187
474.81320700 0.90 2.64514287
544.13585400 1.05 -2.32493013
