2.37668700 0.85 -2.05105184
4.95384800 1.00 0.52610916
11.36670700 1.15 -2.05105184
14.19361800 1.20 0.77585916
83.80829500 1.20 -2.05105184
86.62725200 1.20 0.76790516
93.09830300 0.80 -2.05105184
95.48333100 1.00 0.33397616
98.31031300 1.10 3.16095816
104.87315300 0.95 -2.05105184
107.39988300 0.80 0.47567816
109.72655400 1.00 2.80234916
112.15320200 0.95 5.22899716
118.62445400 1.15 -2.05105184
121.40134400 1.20 0.72583816
127.66396600 1.05 -2.05105184
130.54103400 1.20 0.82601616
199.65510900 0.95 -2.05105184
202.49088900 1.15 0.78472816
