2.57677500 1.00 -1.88150589
4.95384400 0.95 0.49556311
7.83915600 1.20 3.38087511
14.61056900 1.05 -1.88150589
17.33744800 1.00 0.84537311
86.35995700 1.15 -1.88150589
89.23736500 1.15 0.99590211
96.05032700 1.20 -1.88150589
98.42693200 0.80 0.49509911
101.25398500 1.15 3.32215211
107.72510700 0.90 -1.88150589
110.11002600 0.85 0.50341311
179.17424100 1.05 -1.88150589
182.00168300 1.15 0.94593611
184.52833700 0.90 3.47259011
191.04962100 1.15 -1.88150589
193.52627000 0.95 0.59514311
200.24766000 1.15 -1.88150589
