2.32674500 0.90 -2.69368316
4.90395800 1.05 -0.11647016
7.68086700 1.05 2.66043884
10.20759900 0.95 5.18717084
16.62878000 1.10 -2.69368316
18.95535600 0.95 -0.36710716
88.22811500 1.10 -2.69368316
91.05554200 1.15 0.13374384
159.93628200 1.15 -2.69368316
162.56355700 1.15 -0.06640816
168.99298800 1.00 -2.69368316
172.32035200 1.20 0.63368084
180.17583600 1.20 -2.69368316
183.57817400 1.00 0.70865484
187.43109800 0.90 4.56157884
191.25016000 1.15 8.38064084
260.23923800 1.05 -2.69368316
262.76646300 1.05 -0.16645816
336.10033300 1.20 -2.69368316
