279.56032900 0.90 -1.51249368
282.43767600 1.15 1.36485332
288.47518600 0.90 -1.51249368
291.20203300 1.00 1.21435332
297.49797900 1.00 -1.51249368
300.12491300 1.10 1.11444032
306.44592700 1.05 -1.51249368
308.62235200 0.80 0.66393132
314.89336900 0.90 -1.51249368
317.22000600 0.80 0.81414332
324.14153100 1.10 -1.51249368
327.01852900 1.15 1.36450432
395.94117000 1.10 -1.51249368
398.41780200 0.80 0.96413832
467.37393000 0.95 -1.51249368
469.80062100 0.90 0.91419732
473.24515700 0.90 4.35873332
542.27573700 1.05 -1.51249368
544.62737900 0.95 0.83914832
