262.27360400 1.15 -2.46904748
264.60016100 0.95 -0.14249048
267.17695500 1.00 2.43430352
273.74814700 0.90 -2.46904748
276.22482500 0.85 0.00763052
278.96025400 1.20 2.74305952
285.32282700 1.00 -2.46904748
287.79949900 0.85 0.00762452
290.52647000 1.10 2.73459552
296.95589300 1.05 -2.46904748
299.78291600 1.20 0.35797552
302.40969000 1.20 2.98474952
371.20725100 1.00 -2.46904748
374.08431600 1.15 0.40801752
376.76112300 1.10 3.08482452
445.79204100 1.20 -2.46904748
448.06868200 0.80 -0.19240648
454.53159000 1.10 -2.46904748
457.05828800 1.00 0.05765052
526.47298600 1.10 -2.46904748
528.99968100 0.95 0.05764752
531.63493000 0.90 2.69289652
534.01987200 1.05 5.07783852
540.49106200 1.15 -2.46904748
542.86762000 0.90 -0.09248948
