2.76804900 1.20 -2.05993645
5.14264200 0.95 0.31465655
74.43184200 1.10 -2.05993645
77.35679900 1.20 0.86502055
146.47906000 1.10 -2.05993645
148.90372600 0.85 0.36472955
155.51186600 1.10 -2.05993645
157.98679700 0.95 0.41499455
160.66180300 1.05 3.09000055
229.80094100 1.20 -2.05993645
232.42574700 1.15 0.56486955
235.10053000 1.00 3.23965255
241.60862900 1.05 -2.05993645
244.08363400 1.10 0.41506855
246.75860300 1.15 3.09003755
252.96642900 0.90 -2.05993645
255.49146300 1.05 0.46509755
258.16654800 1.20 3.14018255
327.03867500 1.00 -2.05993645
329.61379300 1.20 0.51518155
