150.33723300 1.20 -1.65366775
152.66173600 0.80 0.67083525
155.48695400 1.10 3.49605325
224.07576400 0.90 -1.65366775
226.55080200 1.05 0.82137025
295.68137400 1.05 -1.65366775
298.45635500 1.10 1.12131325
300.93112200 0.95 3.59608025
369.96163600 0.85 -1.65366775
372.48666000 1.00 0.87135625
378.99473800 1.00 -1.65366775
381.56984400 1.15 0.92143825
450.74207100 1.10 -1.65366775
453.06688200 1.00 0.67114325
458.87484600 0.85 -1.65366775
461.39971100 0.85 0.87119725
530.78901200 1.15 -1.65366775
533.11348500 0.80 0.67080525
539.57171300 0.95 -1.65366775
542.39679800 1.10 1.17141725
