2.72616300 1.05 -2.09465537
5.25069600 0.80 0.42987763
8.12609500 1.20 3.30527663
10.50063700 0.85 5.67981863
17.20875500 0.95 -2.09465537
19.58384100 1.00 0.28043063
21.75857700 0.85 2.45516663
28.31671300 0.90 -2.09465537
30.79162500 0.90 0.38025663
33.36685000 1.20 2.95548163
102.57233400 0.90 -2.09465537
104.89704100 0.80 0.23005163
111.10530700 1.00 -2.09465537
113.53011400 0.90 0.33015163
120.03840400 1.05 -2.09465537
122.46319000 1.00 0.33013063
129.02111600 0.85 -2.09465537
131.49637200 1.15 0.38060063
200.26847600 0.95 -2.09465537
