2.67010800 1.10 -2.01853494
5.19863800 0.90 0.50999506
74.39410300 0.95 -2.01853494
77.12275800 1.20 0.71012006
146.08471500 0.90 -2.01853494
148.66321500 1.10 0.55996506
154.93853500 0.95 -2.01853494
157.51715500 1.00 0.56008506
160.09560500 1.15 3.13853506
162.82440300 1.00 5.86733306
169.34185500 0.85 -2.01853494
171.81230600 1.05 0.45191606
177.92866300 0.90 -2.01853494
180.45711900 0.95 0.50992106
187.08296500 0.90 -2.01853494
189.86168700 1.10 0.76018706
192.18172200 0.80 3.08022206
260.67619600 0.80 -2.01853494
