2.33397400 0.80 -1.99212106
4.91776800 1.05 0.59167294
7.55103300 1.10 3.22493794
10.33422700 1.05 6.00813194
16.60043100 0.90 -1.99212106
19.03373800 0.90 0.44118594
25.60861800 1.05 -1.99212106
28.03343500 0.95 0.43269594
97.12258300 1.15 -1.99212106
99.54711700 0.80 0.43241294
106.03875800 1.00 -1.99212106
108.31364700 0.95 0.28276794
114.78027500 1.10 -1.99212106
117.50509500 1.05 0.73269894
120.03005400 1.10 3.25765794
126.55479900 1.10 -1.99212106
129.07972600 1.10 0.53280594
197.75210200 1.15 -1.99212106
