273.32406800 1.10 -2.19759952
275.54876300 0.90 0.02709548
344.27974000 1.15 -2.19759952
346.80461200 1.10 0.32727248
353.46243500 0.90 -2.19759952
355.93745900 1.00 0.27742448
362.09545300 0.90 -2.19759952
364.67053100 1.10 0.37747848
367.34536000 1.00 3.05230748
369.82006100 0.80 5.52700848
439.00090300 1.00 -2.19759952
441.37572700 0.90 0.17722448
510.15629600 0.85 -2.19759952
512.83157300 1.15 0.47767748
515.45651200 1.20 3.10261648
518.23139800 1.20 5.87750248
524.94760400 0.95 -2.19759952
527.47269700 1.20 0.32749348
533.98052000 0.95 -2.19759952
536.40541400 0.90 0.22729448
542.61342400 0.85 -2.19759952
