2.42591100 0.80 -1.87624311
5.15107200 1.15 0.84891789
11.60914800 1.10 -1.87624311
14.18382500 0.90 0.69843389
20.40032200 0.95 -1.87624311
22.87537200 1.10 0.59880689
25.50000000 0.90 3.22343489
94.39742000 0.90 -1.87624311
96.97248200 1.05 0.69881889
103.73070100 1.20 -1.87624311
106.55549800 1.10 0.94855389
112.76335400 0.85 -1.87624311
115.23852300 1.15 0.59892589
117.61304700 0.95 2.97344989
123.77976800 1.10 -1.87624311
126.15445600 0.85 0.49844489
128.92969900 1.20 3.27368789
197.89363700 1.10 -1.87624311
200.41835000 0.90 0.64846989
