278.24905500 1.15 -1.60259563
280.62377600 0.90 0.77212537
287.08171600 0.80 -1.60259563
289.80683100 1.00 1.12251937
296.21512500 1.20 -1.60259563
298.68994300 1.15 0.87222237
304.69791700 1.00 -1.60259563
307.12293600 1.10 0.82242337
376.21190600 1.05 -1.60259563
378.58654700 0.80 0.77204537
380.96175500 1.05 3.14725337
449.89237300 1.15 -1.60259563
452.81748900 1.20 1.32252037
458.87518300 0.80 -1.60259563
461.45013900 0.85 0.97236037
464.22530500 1.10 3.74752637
533.04738500 0.80 -1.60259563
535.52234500 0.90 0.87236437
542.33056600 1.10 -1.60259563
