147.71225100 1.00 -2.03442924
150.38728200 1.15 0.64060176
156.89535800 1.20 -2.03442924
159.27020300 1.05 0.34041576
162.19525100 1.20 3.26546376
231.08411900 0.95 -2.03442924
233.50916400 1.10 0.39061576
240.41731300 1.15 -2.03442924
243.09211700 1.05 0.64037476
245.36686800 0.85 2.91512576
314.25604700 0.90 -2.03442924
316.88130400 1.20 0.59082776
385.55331200 0.80 -2.03442924
387.97844900 1.00 0.39070776
394.43676000 1.20 -2.03442924
396.96125800 0.80 0.49006876
399.43645100 1.10 2.96526176
401.86125900 1.00 5.39006976
470.69205000 1.00 -2.03442924
473.01680900 0.80 0.29032976
541.86444500 1.00 -2.03442924
