273.93230900 0.80 -1.74622555
276.55736700 0.95 0.87883245
279.23244300 1.10 3.55390845
285.24041200 1.00 -1.74622555
287.76518600 0.85 0.77854845
356.98774400 1.05 -1.74622555
359.56277200 1.15 0.82880245
366.02087600 0.95 -1.74622555
368.89578500 1.15 1.12868345
438.04305300 1.10 -1.74622555
440.81812000 1.20 1.02884145
447.52609300 1.10 -1.74622555
450.35105600 1.15 1.07873745
519.42328100 1.05 -1.74622555
522.29835000 1.20 1.12884345
525.02322500 1.15 3.85371845
531.48133500 1.15 -1.74622555
533.75599900 0.95 0.52843845
540.06429800 1.10 -1.74622555
542.73919900 1.10 0.92867545
