263.14143300 1.20 -2.51086656
265.51615100 1.00 -0.13614856
268.04106500 1.00 2.38876544
274.04913400 0.95 -2.51086656
276.17392100 0.80 -0.38607956
278.39884400 0.80 1.83884344
284.45695900 0.85 -2.51086656
287.18215400 1.10 0.21432844
293.54005900 0.95 -2.51086656
296.31518200 1.15 0.26425644
365.63759200 1.20 -2.51086656
367.96218300 0.85 -0.18627556
437.29311500 1.10 -2.51086656
439.81789800 1.05 0.01391644
442.49283800 1.05 2.68885644
511.33194800 1.10 -2.51086656
513.70660000 0.80 -0.13621456
516.33187000 1.15 2.48905544
518.95653500 0.95 5.11372044
525.26477900 1.05 -2.51086656
528.13975300 1.15 0.36410744
530.51443600 0.95 2.73879044
533.23955400 1.15 5.46390844
539.59743400 0.90 -2.51086656
541.97226900 0.90 -0.13603156
