2.36780700 1.00 -2.58916833
4.94288300 1.20 -0.01409233
11.25068800 0.90 -2.58916833
13.97580600 1.15 0.13594967
16.90077300 1.20 3.06091667
85.85644700 1.15 -2.58916833
88.33107800 0.95 -0.11453733
91.00605200 0.95 2.56043667
93.58095500 1.00 5.13533967
99.78890600 0.80 -2.58916833
101.96384100 0.85 -0.41423333
170.99492000 1.20 -2.58916833
173.66981100 1.15 0.08572267
179.87771400 0.95 -2.58916833
182.55258300 0.95 0.08570067
184.97767600 1.10 2.51079367
254.05848000 1.20 -2.58916833
256.78340600 1.20 0.13575767
259.20799000 0.90 2.56034167
261.63289900 0.85 4.98525067
268.60794500 1.20 -2.58916833
