335.23861400 1.20 -1.89749671
337.46331900 0.90 0.32720829
339.83829200 1.00 2.70218129
346.35474200 1.00 -1.89749671
349.02979800 1.05 0.77755929
355.53788100 1.15 -1.89749671
358.11271300 1.10 0.67733529
360.83755300 1.00 3.40217529
367.35412200 1.20 -1.89749671
369.67869800 0.85 0.42707929
372.45392700 1.20 3.20230829
378.92840900 1.00 -1.89749671
381.25318400 0.85 0.42727829
450.03414900 1.05 -1.89749671
452.30896800 0.90 0.37732229
520.88983500 1.00 -1.89749671
523.76485700 1.15 0.97752529
530.38122100 1.15 -1.89749671
533.00607000 1.10 0.72735229
535.33086300 0.95 3.05214529
541.83894700 0.95 -1.89749671
