2.31774600 0.95 -2.30775350
4.99261800 0.95 0.36711850
7.56769400 1.15 2.94219450
14.38417700 1.20 -2.30775350
17.11737000 1.15 0.42543950
86.08139500 1.15 -2.30775350
88.45588900 0.85 0.06674050
157.49524900 1.15 -2.30775350
160.16995400 1.00 0.36695150
162.89481300 1.00 3.09181050
169.65312200 1.20 -2.30775350
172.17762000 0.80 0.21674450
174.60272700 1.00 2.64185150
177.22762800 1.00 5.26675250
183.48581800 1.10 -2.30775350
186.16077700 1.15 0.36720550
188.58563100 1.10 2.79205950
257.22444000 0.90 -2.30775350
259.44935300 0.90 -0.08284050
266.05737300 0.85 -2.30775350
