329.26344400 1.00 -2.38364152
331.88839300 1.00 0.24130748
334.46343400 1.20 2.81634848
337.18827000 1.05 5.54118448
343.59620400 0.95 -2.38364152
346.42127700 1.10 0.44143148
352.47925900 1.00 -2.38364152
354.90401900 0.85 0.04111848
357.37922500 1.15 2.51632448
360.10411900 1.15 5.24121848
429.04302600 1.05 -2.38364152
431.76802400 1.20 0.34135648
438.07575500 0.80 -2.38364152
440.65094500 1.10 0.19154848
447.10899500 1.05 -2.38364152
449.68399600 1.15 0.19135948
456.24206100 1.15 -2.38364152
459.01689200 1.05 0.39118948
465.62513000 1.20 -2.38364152
468.24978000 0.95 0.24100848
471.07482000 1.15 3.06604848
540.00532000 1.00 -2.38364152
542.58029100 1.05 0.19132948
