147.12910500 1.15 -2.21700014
149.55396200 1.05 0.20785686
152.32911900 1.10 2.98301386
154.80362100 0.95 5.45751586
161.46198500 1.20 -2.21700014
164.03664900 1.00 0.35766386
232.91761400 1.20 -2.21700014
235.29241600 1.05 0.15780186
304.17313000 0.90 -2.21700014
306.84796100 1.00 0.45783086
313.50600300 0.90 -2.21700014
315.93077100 0.85 0.20776786
384.51182800 0.90 -2.21700014
386.94483900 0.85 0.21601086
455.76704000 0.80 -2.21700014
458.49248200 1.15 0.50844186
461.21719700 1.00 3.23315686
463.69193900 0.80 5.70789886
532.53113700 0.95 -2.21700014
535.20617900 1.05 0.45804186
542.11439500 1.20 -2.21700014
