2.56784900 1.00 -2.16835926
5.49291600 1.20 0.75670774
11.85071400 0.90 -2.16835926
14.37559000 0.95 0.35651674
16.70056500 1.00 2.68149174
19.52563200 1.10 5.50655874
25.78363000 1.00 -2.16835926
28.25854500 1.05 0.30655574
96.91425200 1.00 -2.16835926
99.53933300 1.15 0.45672174
102.06428000 1.20 2.98166874
108.67224700 1.10 -2.16835926
111.34707000 1.00 0.50646374
113.82190800 0.95 2.98130174
182.66117900 1.15 -2.16835926
185.18600300 1.10 0.35646474
191.54405500 1.10 -2.16835926
194.16883700 0.95 0.45642274
200.82710000 1.10 -2.16835926
