266.35799700 1.05 -2.51081196
269.23302000 1.15 0.36421104
275.29066500 0.80 -2.51081196
277.81563700 0.80 0.01416004
280.29070500 0.85 2.48922804
349.27987600 1.05 -2.51081196
351.70478900 1.05 -0.08589896
354.22961900 0.95 2.43893104
356.75452000 0.95 4.96383204
363.11273600 1.05 -2.51081196
365.73750900 0.95 0.11396104
368.61267800 1.20 2.98913004
375.27889400 1.00 -2.51081196
378.00378400 1.05 0.21407804
380.62856100 0.90 2.83885504
383.35378000 1.20 5.56407404
389.91993200 0.95 -2.51081196
392.64510100 1.20 0.21435704
461.54207600 0.80 -2.51081196
464.21713400 0.95 0.16424604
532.89801200 1.05 -2.51081196
535.72296700 1.15 0.31414304
542.08091300 1.00 -2.51081196
