142.92091500 1.15 -2.48909135
145.69581000 1.15 0.28580365
148.17042000 0.85 2.76041365
150.69547000 1.00 5.28546365
219.28434600 0.80 -2.48909135
222.05964500 1.20 0.28620765
291.09855300 1.10 -2.48909135
293.62359900 1.20 0.03595465
299.88149600 1.00 -2.48909135
302.40653500 1.15 0.03594765
305.13151300 1.20 2.76092565
373.90341800 0.80 -2.48909135
376.72872300 1.15 0.33621365
379.05336200 0.90 2.66085265
381.82849600 1.15 5.43598665
387.78635800 0.85 -2.48909135
389.96120200 0.80 -0.31424735
458.93390300 1.10 -2.48909135
461.50871000 1.00 0.08571565
464.08377300 1.15 2.66077865
533.03084100 1.05 -2.48909135
535.60573800 0.85 0.08580565
542.36389000 0.90 -2.48909135
