207.48493900 1.05 -2.27153632
210.05988400 1.10 0.30340868
212.78470200 1.00 3.02822668
219.49282500 1.10 -2.27153632
222.26762000 1.05 0.50325868
224.84236300 0.90 3.07800168
227.11736100 0.90 5.35299968
233.07532600 0.80 -2.27153632
235.60037500 0.95 0.25351268
303.98099300 0.85 -2.27153632
306.45581600 0.95 0.20328668
309.03086800 0.95 2.77833868
378.13643800 0.85 -2.27153632
380.91147500 1.05 0.50350068
387.56955300 0.90 -2.27153632
390.19429800 0.90 0.35320868
458.57489300 0.80 -2.27153632
461.45020700 1.20 0.60377768
467.50787300 0.80 -2.27153632
470.08302200 1.05 0.30361268
472.95810300 1.20 3.17869368
542.33868800 1.15 -2.27153632
