0.06572291081  
-0.06798384724  
-0.06839690229  
-0.1031339322  
-0.3130118684  
0.1239922547  
-0.05618535433  
-0.2037457544  
-0.1402312585  
-0.1566935279  
-0.1091147273  
-0.341281187  
-0.2366951628  
-0.07073393908  
0.08332577532  
-0.1094532821  
-0.05998023694  
-0.3029347467  
0.0988076638  
-0.04687311611  
-0.2473981619  
-0.07424730757  
-0.07221497815  
-0.03440722954  
0.009765036796  
0.1506661309  
0.1144330017  
-0.5968260542  
-0.2151455985  
0.07408529925  
0.1226957887  
0.01307852015  
0.01161741779  
0.00686424874  
0.15792306  
0.1410032619  
-0.1114864795  
0.009361049284  
-0.08777342209  
-0.05402722958  
0.007935569753  
-0.06876338826  
-0.0005840988948  
-0.112973933  
0.116808927  
0.04278340312  
-0.02260332133  
0.01029893248  
0.05512719242  
0.07916310343  
-0.2063221128  
-0.1471124511  
0.08356557794  
-0.09407587808  
-0.2654843618  
-0.0518676277  
0.07687142437  
-0.004821913845  
-0.1240390136  
