0.02621859738  
-0.0874329607  
0.007873518377  
-0.05414329386  
0.1153044992  
-0.02672030549  
-0.04584147502  
-0.01306648277  
0.03416014714  
-0.003518152372  
0.02250542312  
0.07918792912  
-0.08134989146  
0.12737882  
0.1906194139  
-0.06897362399  
-0.09881595273  
-0.0357524714  
-0.02241336393  
0.218810232  
-0.01076360505  
0.09833797053  
-0.09084534931  
-0.0585952911  
-0.04896222469  
-0.07911082588  
-0.06596819365  
0.1519165772  
0.04319323422  
0.131612737  
0.01476809164  
0.1703201709  
0.05475107608  
-0.1468872302  
0.07233957159  
0.1259713872  
0.05691204733  
0.0703171339  
-0.02907542508  
-0.05674292668  
0.01918031235  
0.001569349142  
0.1350037982  
-0.001664896516  
0.0409695615  
-0.06165229025  
-0.05795002443  
0.08514825905  
-0.1393690755  
-0.1048037863  
-0.04018169878  
0.09644716055  
0.07637344508  
-0.05177128036  
-0.1310858172  
0.01921078476  
-0.08034056352  
0.026426785  
0.004536933804  
