-0.01763121408  
-0.2512223595  
0.04992438331  
0.08121766121  
0.002995980516  
-0.2568847533  
-0.000216185441  
0.05626684723  
-0.09947286843  
-0.05675949092  
-0.2670484099  
0.2536145201  
-0.1716685766  
0.1075353862  
-0.006918096828  
0.001628227549  
-0.4029358376  
0.09481598499  
-0.02610877348  
-0.1400584567  
0.04595742544  
-0.07220809352  
0.02383238783  
0.1036052332  
0.1753937766  
0.0772351071  
-0.1021792057  
0.1522078116  
-0.07600145437  
0.0371053408  
0.004263031693  
-0.09478814876  
0.07786542409  
-0.03169037649  
0.00370665932  
-0.02518309647  
-0.07078873754  
0.06199690911  
0.02923669465  
-0.0804587923  
-0.2128890088  
0.06694489412  
0.02460404216  
0.07580818321  
-0.2668293915  
-0.1392031496  
0.07291779427  
0.2363958241  
-0.02830085258  
-0.1464609165  
-0.04827598511  
-0.0006404725438  
0.0803736868  
-0.08078446443  
0.1042950538  
-0.0876115889  
-0.0539998614  
-0.01021491931  
0.05136883835  
