0.01796744816  
0.1930626786  
0.02165033512  
0.1354358695  
0.0845712605  
0.1607867466  
-0.02673328951  
0.1414219375  
0.2011292261  
0.09501282007  
0.1942138267  
-0.04894538149  
0.07295410503  
0.1433429658  
-0.02549283647  
0.1016565878  
0.1446137259  
0.0362684852  
0.206105906  
-0.01268228582  
0.07946281314  
-0.04265961406  
0.1016240452  
0.04761977745  
0.02422330361  
0.1103432652  
0.1919701127  
-0.1324986734  
0.1625668473  
-0.02069423436  
0.0938704187  
-0.1545421607  
0.1767731046  
0.1430462186  
0.01206970122  
-0.003014506516  
0.1151721241  
0.02799198716  
0.1101549735  
0.1552909897  
0.09959948465  
0.09427137354  
0.1767990724  
0.1215920954  
0.01782498379  
0.0816109164  
0.01597423608  
-0.1420236116  
0.03971968853  
-0.01804960538  
0.08033164422  
-0.05847337504  
0.06270768527  
0.09323368721  
0.2287714214  
-0.005785783253  
0.1182448668  
0.07895772503  
0.08904230764  
