0.08232896145  
0.03562629512  
-0.05111140891  
-0.01191699523  
0.06393510775  
0.003541878013  
-0.0209944418  
0.01487318161  
-8.331767287e-05  
0.04398752087  
-0.01226386618  
0.04808955223  
-0.0214860182  
0.08639588604  
-0.02302122884  
0.1681038052  
-0.02373703502  
-0.05603904998  
0.003557548693  
-0.02373275326  
0.01328378134  
-0.05434319696  
0.09997193121  
0.0397966087  
0.07771909489  
-0.03440234786  
0.08125862318  
0.03761168382  
0.01031198406  
-0.0527371258  
0.02636544787  
0.07563769368  
-0.01392751867  
-0.04799425168  
-0.002571570783  
-0.02308182938  
0.008839236657  
0.02896800838  
-0.01486890946  
-0.05158165972  
-0.00431077715  
0.007049563369  
-0.07220317505  
0.0002447749301  
0.0191859303  
0.02528408981  
0.006716497072  
-0.07911150261  
0.08406011627  
0.08718634176  
-0.008250820866  
0.098059581  
0.05717146231  
0.006159530702  
0.006113923394  
-0.02285288428  
-0.0256616136  
0.02059296263  
0.06299235829  
