-0.003533419458  
0.01940733977  
0.03237126994  
-0.03309883875  
-0.04581509284  
-0.003884286406  
-0.05282189352  
0.01118147056  
0.1029250115  
0.01028634674  
-0.09176349729  
0.02278753793  
0.02230999902  
-0.04035827704  
0.09791980341  
0.01289705638  
-0.1065498662  
0.08344247412  
-0.02812129711  
-0.02714018687  
0.02644094469  
-0.04885754924  
0.05523296299  
0.04799629019  
0.03985262103  
-0.01442868971  
-0.002697624849  
-0.07833834268  
-0.02084272743  
0.03721418618  
0.01176486846  
-0.09182839389  
0.03335999384  
0.01363861676  
0.03490268912  
0.03109245225  
-0.04263306315  
-0.0240544172  
0.06316792233  
0.05267494307  
0.08858795761  
-0.07393437378  
0.05326299571  
0.1374105014  
-0.01781013742  
0.06321766095  
0.05958865494  
0.1062713394  
-0.001474918031  
-0.0521117529  
0.0005621058823  
-0.04685061928  
0.01840208077  
0.03271217145  
-0.02249728737  
0.05996917435  
-0.01467283955  
0.09587557239  
-0.0303754848  
