267.85212000 0.85 -2.30137191
270.42941100 1.15 0.27591909
273.15629100 1.15 3.00279909
279.87768000 1.15 -2.30137191
282.75460100 1.15 0.57554909
289.37584700 1.10 -2.30137191
292.15278600 1.10 0.47556709
294.42924000 0.80 2.75202109
363.85208200 1.10 -2.30137191
366.43743100 0.90 0.28397709
369.12267400 1.00 2.96922009
438.24509100 1.05 -2.30137191
440.57212500 0.90 0.02566209
443.09897300 1.15 2.55251009
445.47552800 0.95 4.92906509
451.99672400 0.95 -2.30137191
454.48183000 0.95 0.18373409
456.71661200 0.90 2.41851609
462.94592000 0.80 -2.30137191
465.08074000 0.80 -0.16655191
534.30328900 1.00 -2.30137191
537.03902000 1.15 0.43435909
543.61014500 1.20 -2.30137191
