1.42685100 1.10 -2.02474405
4.20394000 0.90 0.55234495
10.27473200 0.85 -2.02474405
12.45154900 1.15 0.45207295
15.07823600 1.00 2.92875995
17.66325500 0.90 5.41377895
24.08440200 0.95 -2.02474405
26.61128200 1.15 0.70213595
95.88379600 1.05 -2.02474405
98.56090600 0.90 0.50236595
104.62373000 1.20 -2.02474405
107.25047400 1.10 0.50199995
109.93560400 1.05 3.13712995
179.20790200 0.85 -2.02474405
181.73529800 1.10 0.75265195
188.44828300 1.05 -2.02474405
191.02517500 1.20 0.70214795
197.24555200 1.20 -2.02474405
200.07286000 0.95 0.55256395
