265.19262400 1.10 -2.32855022
267.87810200 0.90 0.15692778
270.51347700 1.05 2.94230278
339.57763700 1.20 -2.32855022
342.35482100 1.10 0.34863378
345.08994600 0.90 2.88375878
351.46101800 0.90 -2.32855022
353.83792800 1.20 0.34835978
360.51743500 1.05 -2.32855022
363.20255400 1.00 0.30656878
369.76544800 1.00 -2.32855022
372.40085000 1.20 0.50685178
375.22776400 1.20 3.33376578
444.24171800 1.15 -2.32855022
446.81889800 1.20 0.29862978
453.24825500 1.05 -2.32855022
455.82515800 1.15 0.34835278
458.65218700 1.20 3.22538178
461.22885100 1.10 5.70204578
468.09161100 0.85 -2.32855022
470.52679700 0.95 0.20663578
539.70774600 1.15 -2.32855022
542.48503300 1.05 0.34873678
