1.52671000 0.95 -2.16168800
4.21261800 1.20 0.77422000
10.98352600 0.85 -2.16168800
13.46864100 0.80 0.27342700
19.83145200 0.95 -2.16168800
22.51656500 0.80 0.37342500
24.89335300 0.95 2.90021300
30.85591000 1.15 -2.16168800
33.53287300 1.20 0.56527500
40.10376100 0.95 -2.16168800
42.38062400 1.15 0.31517500
44.95726700 1.00 2.74181800
47.43414800 1.15 5.36869900
116.54821600 1.15 -2.16168800
119.22556100 1.20 0.56565700
121.85219300 1.10 3.09228900
128.57351000 1.05 -2.16168800
131.25850400 0.85 0.32330600
137.87973900 0.85 -2.16168800
