1.52664500 0.90 -1.68420811
3.81231400 1.20 0.90146089
6.64742000 1.00 3.53656689
12.90987300 0.80 -1.68420811
15.13652600 0.90 0.64244489
21.61599200 0.90 -1.68420811
24.10105800 0.90 0.80085789
30.52224900 1.00 -1.68420811
32.94893900 0.95 0.69248189
39.67023900 0.95 -1.68420811
41.94692900 1.10 0.74248189
111.16925500 0.80 -1.68420811
113.39648100 1.05 0.79301789
115.97322300 1.00 3.31975989
185.19603600 1.20 -1.68420811
188.02335200 1.15 1.09310789
257.18727700 0.85 -1.68420811
259.67297000 1.00 0.95148489
