327.28606400 1.05 -2.30547808
329.81305800 0.90 0.07151592
332.34850800 1.20 2.90696592
339.06944300 0.80 -2.30547808
341.19600700 0.90 -0.07891408
343.82278200 0.85 2.49786092
412.49533800 1.15 -2.30547808
415.23070600 0.90 0.17988992
417.65745400 1.00 2.70663792
424.12017700 0.90 -2.30547808
426.39687500 1.00 0.07121992
429.07298100 1.20 2.94732592
431.80059100 1.00 5.47493592
438.03011700 1.20 -2.30547808
440.65693900 1.20 0.32134392
509.91285600 1.15 -2.30547808
512.39821500 1.10 0.12988092
515.22500000 0.90 2.75666592
521.40434000 0.95 -2.30547808
523.93128700 1.15 0.42146892
530.44407700 1.10 -2.30547808
533.02086000 1.10 0.27130492
539.78377000 1.00 -2.30547808
542.11044800 1.05 0.07119992
