1.37683900 1.05 -1.90232372
4.10423200 1.20 0.97506928
7.03108900 1.00 3.70192628
13.45199300 0.80 -1.90232372
15.88722700 0.95 0.68291028
22.10828900 1.10 -1.90232372
24.89363800 1.15 0.93302528
27.72022200 0.80 3.40960928
33.84152800 1.20 -1.90232372
36.61845800 1.20 0.87460628
43.23138600 1.20 -1.90232372
46.10813700 0.95 0.72442728
52.32077600 0.95 -1.90232372
54.74729800 0.80 0.37419828
123.50312400 1.05 -1.90232372
125.93844000 0.95 0.43299228
128.51527300 1.05 3.10982528
197.62931900 0.90 -1.90232372
