268.72900800 1.15 -2.21865309
271.36455900 1.15 0.41689791
274.09134500 1.10 3.09368391
343.45552500 0.95 -2.21865309
345.73280100 1.15 0.25862291
351.99510400 0.85 -2.21865309
354.27185700 1.00 0.20809991
356.59839600 0.90 2.43463891
362.86948400 0.90 -2.21865309
365.45437600 0.80 0.26623891
367.78117700 0.90 2.69303991
436.84524100 0.80 -2.21865309
439.37276600 1.20 0.70887191
445.88537600 0.95 -2.21865309
448.36203800 0.90 0.20800891
454.53316000 1.10 -2.21865309
457.06004800 1.20 0.40823491
459.88660100 0.80 2.83478791
462.06334100 1.10 5.31152791
468.44270400 0.95 -2.21865309
471.12806800 1.20 0.71671091
540.35062400 1.10 -2.21865309
543.17779000 0.90 0.40851291
