1.42677800 0.90 -2.32038395
3.91213300 0.90 0.16497105
6.31418300 1.20 2.86702105
8.94101600 1.20 5.49385405
78.41344400 0.85 -2.32038395
80.74909200 1.15 0.31526405
87.61217200 1.10 -2.32038395
90.24711800 0.85 0.06456205
92.47393900 1.15 2.59138305
99.19520200 1.10 -2.32038395
101.78033100 1.15 0.31474505
108.64337400 1.05 -2.32038395
111.32015100 1.00 0.30639305
117.29951600 1.15 -2.32038395
119.82605200 0.95 0.00615205
122.20297200 1.20 2.63307205
191.46700500 0.95 -2.32038395
194.14408700 1.10 0.50669805
196.92137500 1.05 3.23398605
265.88548200 1.05 -2.32038395
268.37083600 0.95 0.06497005
