389.27141800 1.20 -2.48550892
391.94861800 1.20 0.19169108
398.26096600 0.80 -2.48550892
400.79634600 1.10 0.34987108
403.33159000 1.20 2.98511508
472.49535900 0.80 -2.48550892
474.73086800 0.90 -0.14999992
477.15781600 1.20 2.57694808
479.83459100 1.10 5.15372308
486.34737900 1.05 -2.48550892
488.77398000 0.95 -0.15890792
495.14509000 1.00 -2.48550892
497.88018900 0.80 0.04959008
504.19291900 0.95 -2.48550892
506.71984800 1.00 0.09142008
509.29661600 1.00 2.66818808
511.98175200 1.00 5.35332408
518.15292300 1.15 -2.48550892
520.98800400 0.90 0.09957208
527.51780600 1.20 -2.48550892
530.44457400 0.95 0.19125908
532.87978500 1.15 2.82647008
539.65105200 1.05 -2.48550892
542.32787700 1.00 0.14131608
