1.53503900 0.80 -1.93473906
4.07056700 1.00 0.80078894
6.75597900 1.05 3.53620094
13.28557200 1.15 -1.93473906
15.97041600 0.80 0.40010494
84.64303300 1.20 -1.93473906
87.32837800 0.95 0.50060594
93.56621500 1.10 -1.93473906
96.40982700 1.05 0.85887294
99.15301900 0.80 3.35206494
105.32418700 0.90 -1.93473906
107.95937400 0.95 0.75044794
177.19050100 1.10 -1.93473906
179.97582600 1.20 0.95058594
182.80324800 1.20 3.77800794
189.42440100 1.10 -1.93473906
192.10937200 0.90 0.55023194
261.18181900 0.85 -1.93473906
