208.44551800 1.05 -1.99439800
211.23954500 1.15 0.89962900
217.61882400 0.90 -1.99439800
220.05399200 1.15 0.69077000
227.07555400 1.10 -1.99439800
229.91085200 1.05 0.79090000
298.97494900 1.00 -1.99439800
301.55230400 1.10 0.68295700
308.01504800 1.05 -1.99439800
310.59191100 1.05 0.58246500
317.01314700 1.20 -1.99439800
319.78996700 1.10 0.68242200
388.76224900 0.90 -1.99439800
391.19778400 1.00 0.54113700
393.93317100 1.15 3.42652400
396.56004200 1.20 6.10339500
465.68241800 1.00 -1.99439800
468.06760800 0.85 0.24079200
470.34430100 0.95 2.61748500
539.55895700 1.20 -1.99439800
542.44446100 1.00 0.69110600
