144.60951400 1.05 -2.21819332
147.28617300 0.85 0.25846568
216.41753400 1.10 -2.21819332
219.20256000 0.80 0.26683268
287.88355000 1.05 -2.21819332
290.56056700 1.20 0.60882368
293.38738700 1.05 3.28564368
362.76037200 1.10 -2.21819332
365.38699700 0.95 0.25843168
367.96382400 1.00 2.88525868
370.64077700 1.10 5.66221168
377.15364000 1.10 -2.21819332
379.98900900 1.20 0.71717568
386.30170200 1.20 -2.21819332
389.17861200 1.10 0.55871668
457.90927100 0.95 -2.21819332
460.24415900 0.85 0.01669468
462.82935100 0.90 2.65188668
531.42667700 0.90 -2.21819332
533.80331100 0.90 0.15844068
536.33002800 0.85 2.63515768
542.20111700 1.20 -2.21819332
