205.41758700 1.15 -2.43893443
208.11947900 1.10 0.26295757
277.40891700 1.00 -2.43893443
280.01899000 0.90 0.17113857
349.62602300 0.95 -2.43893443
352.31079800 1.15 0.24584057
354.93749200 0.95 2.87253457
357.61440800 1.20 5.54945057
363.87698500 0.90 -2.43893443
366.25340200 0.95 -0.06251743
368.58025900 1.00 2.26433957
371.00690100 0.85 4.69098157
439.90455300 0.90 -2.43893443
442.53145800 1.15 0.18797057
511.66266100 1.20 -2.43893443
514.23931600 1.20 0.13772057
520.96063400 1.15 -2.43893443
523.43724700 0.80 0.03767857
526.07254100 1.05 2.67297257
532.58526700 0.95 -2.43893443
535.17050700 1.10 0.14630557
537.79723800 1.15 2.77303657
544.26833300 0.85 -2.43893443
