1.51914900 1.20 -2.21553295
4.24535900 0.85 0.16067705
6.72243600 0.95 2.73775405
13.03533200 1.15 -2.21553295
15.71209000 1.05 0.36122505
18.28875700 1.00 2.88789205
24.75152000 0.90 -2.21553295
27.07832500 1.10 0.31127205
34.04153900 1.15 -2.21553295
36.91844900 1.05 0.56137705
39.65381900 1.15 3.39674705
42.28018800 0.80 5.67311605
48.59336000 1.20 -2.21553295
51.32019800 1.15 0.46130505
120.36745900 0.80 -2.21553295
122.79443200 1.10 0.51144005
192.02545600 0.90 -2.21553295
194.65244700 1.15 0.66145805
263.59155000 0.90 -2.21553295
