1.36868800 0.95 -1.84154050
3.89561600 1.05 0.78538750
72.69328000 1.20 -1.84154050
75.47005600 1.05 0.78523550
78.24668100 0.80 3.31186050
84.26765300 0.90 -1.84154050
86.79432600 0.85 0.63513250
89.37118900 0.95 3.31199550
96.08435800 1.10 -1.84154050
98.61109300 1.15 0.73519450
168.34232400 0.85 -1.84154050
170.86905700 0.80 0.63519250
240.05871500 1.00 -1.84154050
242.58548900 1.00 0.68523350
249.34858600 1.10 -1.84154050
251.92511800 0.85 0.48499150
254.45222700 1.20 3.36210050
261.26528700 1.20 -1.84154050
