1.58566000 1.05 -2.39123905
4.27081900 1.10 0.34391995
73.51027900 1.05 -2.39123905
76.13716100 1.15 0.33564295
145.37661200 1.10 -2.39123905
147.95327000 0.95 0.03541895
150.22983500 0.95 2.31198395
152.80681900 1.15 5.08896795
222.16269800 0.80 -2.39123905
224.43973500 1.20 0.28579795
230.86046600 0.85 -2.39123905
233.18706200 0.90 -0.01464305
239.60825900 1.00 -2.39123905
242.23495000 0.85 0.08545195
244.77010100 0.85 2.62060295
250.93286900 1.10 -2.39123905
253.55968800 1.10 0.23557995
255.98631000 1.05 2.61220195
258.56309500 1.05 5.18898695
327.61081200 1.00 -2.39123905
