2.36870800 0.95 -1.97418889
4.99554500 1.05 0.65264811
11.20809000 0.80 -1.97418889
13.33454700 0.80 0.15226811
15.96139900 0.90 2.77912011
84.91725000 1.05 -1.97418889
87.39410000 0.90 0.50266111
90.07102500 1.15 3.17958611
92.45596400 1.00 5.56452511
99.74439700 1.20 -1.97418889
102.47124400 1.05 0.75265811
109.33434900 1.20 -1.97418889
111.76090600 0.80 0.45236811
180.69197200 1.00 -1.97418889
183.36881300 1.05 0.70265211
190.08178400 1.10 -1.97418889
192.60852400 1.00 0.55255111
262.04822800 1.15 -1.97418889
264.52489000 1.10 0.50247311
