276.50055500 1.10 -1.64895353
279.17743300 0.85 0.77792447
285.69057600 1.15 -1.64895353
288.36740700 1.15 1.02787747
291.24410900 0.85 3.60457947
297.60682300 0.80 -1.64895353
299.88375800 1.15 0.97798147
369.07302900 0.95 -1.64895353
371.59968500 0.85 0.77770247
377.96270400 1.15 -1.64895353
380.73964700 1.15 1.12798947
449.77044600 0.90 -1.64895353
452.35561100 0.90 0.93621147
520.93650800 1.10 -1.64895353
523.76338900 1.05 1.12792747
529.83443800 1.15 -1.64895353
532.36118000 1.20 0.92778847
535.08799100 1.10 3.55459947
541.60079900 1.10 -1.64895353
