277.11761200 1.00 -1.46944868
279.54432000 1.05 1.00725932
286.26569000 1.05 -1.46944868
288.75083000 1.15 1.11569132
357.94865800 1.15 -1.46944868
360.57541600 1.15 1.15730932
366.99643400 1.05 -1.46944868
369.72344100 1.20 1.40755832
438.95428700 0.90 -1.46944868
441.28083200 0.80 0.75709632
443.66604500 1.00 3.34230932
450.22880800 0.95 -1.46944868
452.85556400 0.90 1.10730732
459.56855500 0.95 -1.46944868
462.04542000 1.05 1.10741632
530.78465200 1.15 -1.46944868
533.41980600 1.10 1.11570532
539.88245300 1.00 -1.46944868
542.25928700 1.20 1.10738532
