1.52676100 0.85 -2.46610767
3.75404300 1.20 0.11117433
73.06842900 1.20 -2.46610767
75.95380000 0.95 0.16926333
78.58050900 0.85 2.69597233
147.44475100 1.05 -2.46610767
150.12196500 0.90 0.06110633
152.64865800 0.90 2.58779933
155.02529900 0.85 4.91444033
160.94612700 0.90 -2.46610767
163.52314200 1.20 0.41090733
166.04994600 1.20 2.93771133
173.07119200 0.90 -2.46610767
175.35633800 1.15 0.06903833
178.18336600 1.20 2.94606633
184.59586500 0.90 -2.46610767
187.13105500 1.00 0.16908233
193.39379900 1.10 -2.46610767
196.22046200 0.80 0.06055533
198.40565100 1.15 2.59574433
205.12680600 0.95 -2.46610767
