210.05415400 0.95 -2.08329267
212.23103000 0.80 0.09358333
219.00249700 1.10 -2.08329267
221.42915200 1.05 0.34336233
223.96416000 0.80 2.87837033
226.49091800 0.80 5.40512833
295.25482800 0.85 -2.08329267
297.73206300 1.05 0.39394233
304.30330400 1.15 -2.08329267
306.93018800 1.20 0.54359133
309.61530600 1.05 3.22870933
378.37932000 1.10 -2.08329267
380.90633500 0.90 0.44372233
449.72868400 0.85 -2.08329267
452.56456200 1.20 0.75258533
455.39150300 1.20 3.57952633
461.86258300 0.90 -2.08329267
464.38942200 1.15 0.44354633
471.35255000 1.20 -2.08329267
474.07940900 1.05 0.64356633
542.99338100 0.95 -2.08329267
