389.90382700 0.95 -2.47608971
392.58119100 0.95 0.20127429
395.10798900 1.10 2.72807229
464.32225400 1.20 -2.47608971
466.99951300 1.05 0.20116929
469.42609800 0.85 2.62775429
475.49699100 1.10 -2.47608971
478.27398800 1.15 0.30090729
481.05089900 1.20 3.07781829
487.93070000 1.20 -2.47608971
490.51575900 0.85 0.10896929
492.90078600 0.90 2.49399629
499.31352800 1.05 -2.47608971
501.84026600 1.10 0.05064829
504.46709000 0.90 2.67747229
510.83824200 1.15 -2.47608971
513.06470700 0.90 -0.24962471
519.83618300 1.15 -2.47608971
522.67144600 1.10 0.35917329
529.33438600 1.10 -2.47608971
531.81944800 1.00 0.00897229
534.39617400 0.90 2.58569829
536.92298200 1.05 5.11250629
543.14393100 1.15 -2.47608971
