1.72698100 0.95 -2.18235700
4.36237600 0.85 0.35303800
6.88916200 0.85 2.87982400
75.76167700 1.00 -2.18235700
78.18898600 1.20 0.44495200
84.81001800 0.95 -2.18235700
87.49519600 0.90 0.45282100
89.98012500 0.80 2.83775000
158.74433200 1.10 -2.18235700
161.32977100 1.00 0.30308200
167.80919900 0.90 -2.18235700
170.38609600 1.10 0.59454000
239.60042100 1.10 -2.18235700
242.23600600 1.05 0.40322800
244.96293800 1.20 3.28016000
247.59795300 1.00 5.71517500
254.47779600 1.05 -2.18235700
256.85443900 1.05 0.19428600
263.57592500 1.20 -2.18235700
