204.35907600 1.15 -2.12443196
206.84433700 0.90 0.11082904
209.47122300 1.00 2.83771504
278.44356600 1.00 -2.12443196
281.17912700 0.85 0.46112904
287.65865900 0.95 -2.12443196
290.33563700 1.10 0.70254604
296.95695700 1.15 -2.12443196
299.43370500 1.15 0.35231604
368.94814900 1.20 -2.12443196
371.62483100 0.80 0.15225004
373.91002600 0.90 2.53744504
376.54519200 0.90 5.17261104
382.57417900 0.90 -2.12443196
384.85112300 1.10 0.35251204
387.58632900 1.10 3.08771804
394.15756300 1.10 -2.12443196
396.69238300 0.85 0.16038804
399.06909300 0.90 2.58709804
467.87474300 1.00 -2.12443196
470.25182000 1.00 0.25264504
539.56610900 1.05 -2.12443196
541.94322600 1.15 0.35268504
