266.46043800 1.10 -2.41231248
268.88729700 0.85 -0.23545348
275.11675600 1.00 -2.41231248
277.84385800 1.20 0.51478952
347.16610300 0.85 -2.41231248
349.54331600 1.10 0.21490052
352.22020300 1.05 2.84178752
354.69699800 1.10 5.36858252
424.05306500 1.20 -2.41231248
426.58016900 1.15 0.06479152
429.20667900 0.85 2.39130152
498.22070000 0.85 -2.41231248
500.59787900 0.95 0.06486652
507.41927000 1.00 -2.41231248
509.79612700 1.15 0.11454452
512.58125600 1.05 2.79967352
519.15231500 0.85 -2.41231248
521.43716000 0.80 -0.17746748
523.86425800 1.20 2.64963052
526.69912300 0.85 5.13449552
532.87034400 1.15 -2.41231248
535.34702600 1.05 -0.03563048
541.91005500 1.20 -2.41231248
