1.72722900 1.20 -2.62203959
4.45425100 0.95 -0.14501759
6.98107000 1.00 2.43180141
75.65331300 1.10 -2.62203959
78.08044100 1.15 -0.14491159
80.90734700 1.10 2.63199441
87.66998100 1.10 -2.62203959
90.09677800 0.85 -0.44524259
159.01102500 1.10 -2.62203959
161.58787400 0.85 -0.29519059
163.81465800 1.05 2.13159341
170.34418000 0.95 -2.62203959
172.67086400 1.10 -0.14535559
179.43391000 1.10 -2.62203959
182.06880700 0.85 -0.23714259
184.25391500 1.15 2.24796541
186.83061800 1.05 4.72466841
255.79471200 1.15 -2.62203959
258.68021100 0.85 -0.03654059
261.20720400 1.20 2.84045241
263.83399400 1.15 5.41724241
270.20513700 1.15 -2.62203959
