1.62681000 0.85 -2.53391860
4.15412400 1.00 0.14339540
6.88088200 0.90 2.77015340
9.15759400 1.05 5.19686540
15.37042000 1.20 -2.53391860
18.15557400 1.15 0.20123540
20.99084500 1.10 2.98650640
23.77583700 0.80 5.47149840
30.25535100 0.85 -2.53391860
32.54052900 1.10 0.00125940
38.95317300 1.00 -2.53391860
41.58006700 1.05 0.14297540
44.15673800 0.95 2.61964640
113.12920300 1.10 -2.53391860
115.95665600 1.20 0.39353440
122.52791800 1.20 -2.53391860
125.20466200 1.10 0.04282540
131.76743800 1.00 -2.53391860
134.45281000 1.15 0.30145340
203.37478300 0.90 -2.53391860
