271.27250500 1.15 -2.04432110
273.95777700 0.85 0.34095090
280.32075500 1.05 -2.04432110
282.99775900 1.20 0.78268290
285.87456000 1.05 3.50948390
292.43758700 1.15 -2.04432110
295.02254200 1.05 0.44063390
364.26190400 1.05 -2.04432110
366.94749800 1.05 0.64127290
435.86172100 1.20 -2.04432110
438.54715200 1.00 0.44110990
441.18246700 1.15 3.22642490
447.59528700 1.20 -2.04432110
450.42182500 0.80 0.38221690
457.10171400 1.10 -2.04432110
459.67815500 0.80 0.23211990
465.89122000 1.15 -2.04432110
468.51781700 0.90 0.33227590
470.95276400 0.85 2.71722290
473.48803600 0.95 5.35249490
542.14376600 1.20 -2.04432110
