1.62714300 1.20 -1.94931142
4.55422800 0.90 0.67777358
73.57682300 1.05 -1.94931142
76.01222600 0.95 0.38609158
78.69738200 0.90 3.02124758
85.06000700 0.80 -1.94931142
87.28679500 1.05 0.52747658
89.87195500 1.05 3.11263658
159.06952900 1.10 -1.94931142
161.64664100 0.95 0.47780058
230.60250100 1.10 -1.94931142
233.02967300 1.15 0.52786058
235.60625000 0.95 2.90443758
242.32780100 1.20 -1.94931142
245.25451600 0.85 0.62740358
247.53116400 0.85 2.90405158
316.45366200 1.05 -1.94931142
319.08068500 0.80 0.42771158
325.65207100 1.00 -1.94931142
