213.04001000 0.80 -1.66962800
215.26730800 1.20 0.95767000
217.79401200 1.15 3.43437400
224.47373100 1.20 -1.66962800
227.30890500 1.10 1.06554600
296.58130900 0.90 -1.66962800
299.20862100 0.95 1.00768400
305.42964500 1.00 -1.66962800
308.06481000 1.00 0.96553700
310.39984000 1.05 3.35056700
316.66234300 0.90 -1.66962800
318.99752700 1.10 0.86555600
387.87803100 0.95 -1.66962800
390.25535400 1.20 0.95769500
459.37776500 1.05 -1.66962800
462.05494300 0.95 0.90755000
468.52604000 0.90 -1.66962800
471.10275600 0.85 0.85708800
539.96679600 0.90 -1.66962800
542.24380900 0.95 0.65738500
