1.62713500 1.20 -1.91369237
4.35442600 1.20 0.81359863
10.86706300 1.00 -1.91369237
13.59379900 0.85 0.66304363
82.46621900 0.85 -1.91369237
84.69329100 1.00 0.46337963
87.42041500 1.20 3.39050363
94.20009300 1.15 -1.91369237
96.72683000 1.15 0.61304463
99.56206600 1.05 3.34828063
168.64305800 1.20 -1.91369237
171.17824100 0.85 0.27149063
177.49935900 0.95 -1.91369237
180.03461200 1.10 0.77156063
186.70601100 1.20 -1.91369237
189.33265800 1.10 0.61295463
192.05974700 1.20 3.44004363
198.42244100 1.15 -1.91369237
201.25777200 1.15 0.92163863
