268.75420000 1.20 -2.19478114
271.43975400 1.15 0.44077286
340.50362400 0.85 -2.19478114
342.83063800 0.85 0.13223286
345.34099200 1.05 2.84258686
351.57045300 1.20 -2.19478114
354.19676900 0.80 0.03153486
356.62350900 0.80 2.45827486
363.35340300 1.00 -2.19478114
366.08035000 1.10 0.63216586
435.49487600 1.15 -2.19478114
438.23059800 1.20 0.59094086
441.01562400 1.00 3.17596686
447.29511600 1.10 -2.19478114
449.87186400 1.05 0.33196686
452.44856000 1.00 2.85866286
454.77502900 0.85 5.03513186
461.24641700 1.10 -2.19478114
463.93170800 1.15 0.54050986
470.54440700 0.95 -2.19478114
473.22147100 1.15 0.68228286
542.20219900 1.05 -2.19478114
