269.68794200 1.00 -2.16560114
272.37353100 0.95 0.46998786
274.70856500 1.05 2.90502186
280.87091500 0.80 -2.16560114
283.20604300 1.00 0.36952686
289.51895500 1.20 -2.16560114
292.24590100 1.20 0.56134486
294.97236100 0.80 2.88780486
301.28532900 1.00 -2.16560114
304.02069500 1.15 0.71976486
306.89737300 0.85 3.29644286
312.96009900 1.05 -2.16560114
315.68705100 1.10 0.61135086
384.65949400 1.10 -2.16560114
387.33686200 1.20 0.61176686
390.11361900 1.10 3.28852386
396.48448300 0.80 -2.16560114
398.76121200 1.15 0.46112786
401.38807500 1.00 2.93799086
470.65263000 1.20 -2.16560114
473.23798700 1.15 0.36975586
542.26034300 0.95 -2.16560114
