1.37677500 0.95 -2.58608685
4.05387500 0.80 -0.05898685
6.43075800 1.05 2.56789615
9.05750400 0.95 5.09464215
15.33698200 1.10 -2.58608685
18.16405800 1.20 0.34098915
21.09109000 1.20 3.26802115
27.75388400 1.05 -2.58608685
30.53935200 1.20 0.34938115
33.32437400 0.95 2.88440315
35.85133500 1.20 5.66136415
105.27391800 1.05 -2.58608685
107.80941700 1.05 -0.05058785
176.83168300 0.85 -2.58608685
179.35923100 1.15 0.24146115
185.97194700 0.95 -2.58608685
188.60731100 1.15 0.24927715
195.21999900 0.90 -2.58608685
197.79692000 1.05 0.14083415
266.81920600 0.85 -2.58608685
