1.32676500 1.15 -2.39308110
4.05408100 1.20 0.38423490
6.78056100 0.85 2.76071490
75.24286300 0.85 -2.39308110
77.52829700 1.00 0.04235290
146.79077100 0.85 -2.39308110
149.32659700 1.15 0.44274490
152.21174800 1.00 3.17789590
154.88870100 1.15 6.00484890
224.15965400 1.20 -2.39308110
226.93644700 0.80 -0.01628810
229.47185900 1.20 2.91912390
236.04248200 0.90 -2.39308110
238.62770100 0.90 0.19213790
241.15449000 1.00 2.81892690
247.57538100 1.05 -2.39308110
250.16045800 0.90 0.04199590
319.37304400 1.20 -2.39308110
322.20010300 0.90 0.13397790
328.62123800 1.10 -2.39308110
331.25630100 1.10 0.24198190
