199.40471700 0.85 -2.80442968
201.88224400 1.20 0.02309732
204.50893800 1.15 2.59979132
207.18576800 1.15 5.27662132
213.85682800 0.95 -2.80442968
216.19166800 0.80 -0.61958968
218.61871000 1.20 2.20745232
221.24552100 1.20 4.83426332
227.91649500 0.95 -2.80442968
230.55147400 0.80 -0.31945068
299.61503700 0.80 -2.80442968
302.05090300 1.15 -0.01856368
304.53568200 0.90 2.21621532
373.65777300 1.20 -2.80442968
376.18457700 0.95 -0.52762568
382.44731200 0.95 -2.80442968
384.97388600 0.80 -0.42785568
387.30903500 1.05 2.15729332
456.63097300 1.10 -2.80442968
459.45812600 1.20 0.12272332
462.29335300 0.95 2.70795032
464.82025400 1.00 5.28485132
533.68347700 1.05 -2.80442968
536.31060000 0.95 -0.27730668
542.57319400 0.95 -2.80442968
