1.47709200 1.15 -2.21260068
4.30443700 1.15 0.61474432
6.78126600 1.20 3.14157332
13.14392500 1.00 -2.21260068
15.72074400 1.00 0.36421832
18.44762000 0.95 3.04109432
21.07455000 0.95 5.66802432
27.18720700 1.05 -2.21260068
29.96428800 1.15 0.66448032
36.72718300 0.95 -2.21260068
39.25404700 1.05 0.41426332
41.68065400 0.90 2.69087032
48.05198800 1.05 -2.21260068
50.67860600 0.85 0.21401732
119.55191900 1.15 -2.21260068
122.33743800 1.00 0.42291832
191.51047900 1.10 -2.21260068
194.28768100 1.00 0.46460132
263.25249600 0.80 -2.21260068
