274.17269600 1.20 -1.69962585
277.05010400 1.20 1.17778215
279.97705500 1.15 4.05473315
286.89768100 0.85 -1.69962585
289.28308600 0.85 0.68577915
357.80408200 0.85 -1.69962585
360.23957800 0.95 0.83587015
362.92490600 1.10 3.67119815
431.98792000 1.20 -1.69962585
434.91492300 0.90 0.92737715
441.63642500 1.15 -1.69962585
444.11277800 0.80 0.42672715
450.37552500 0.95 -1.69962585
452.80229200 1.15 0.92714115
521.90653000 0.85 -1.69962585
524.48365700 0.80 0.82750115
530.50448500 0.95 -1.69962585
532.93102700 0.85 0.62691615
539.15223500 1.15 -1.69962585
541.93746800 1.20 1.13560715
