1.57687200 0.95 -2.04028580
3.90394000 1.10 0.43678220
6.48074700 1.10 3.01358920
75.44457400 0.80 -2.04028580
77.77166600 0.80 0.28680620
80.29829700 1.20 3.21343720
86.96150900 0.95 -2.04028580
89.49683500 1.15 0.69504020
158.96103000 0.95 -2.04028580
161.33801700 0.90 0.28670120
163.77335700 1.15 2.97204120
170.39442500 1.00 -2.04028580
172.72125200 1.20 0.48654120
175.64802700 0.95 3.16331620
182.21937700 1.05 -2.04028580
184.94636000 1.20 0.83669720
191.65894500 0.85 -2.04028580
193.98580800 1.00 0.43657720
200.15684800 1.10 -2.04028580
202.94189100 0.85 0.49475720
