207.91150300 0.90 -2.38513973
210.14690300 0.95 -0.09973973
216.25922200 0.80 -2.38513973
218.78610400 0.85 0.19174227
287.80015600 0.85 -2.38513973
290.07737100 1.05 0.09207527
292.45382800 0.85 2.26853227
361.06759600 0.80 -2.38513973
363.44503500 1.15 0.34229927
366.33046500 1.20 3.27772927
368.95701000 0.95 5.65427427
375.06978500 1.15 -2.38513973
377.94663600 1.00 0.34171127
380.47359300 1.20 3.06866827
383.35049300 1.10 5.84556827
390.01353600 1.20 -2.38513973
392.79021000 0.95 0.14153427
399.10305200 1.00 -2.38513973
401.62978000 1.05 0.19158827
470.55235500 1.20 -2.38513973
473.43776900 0.85 0.15027427
542.60220800 1.10 -2.38513973
