334.77498600 1.15 -2.10153905
337.61041300 0.90 0.48388795
343.68154100 1.10 -2.10153905
346.15810000 0.95 0.22501995
352.62087600 0.90 -2.10153905
354.90605900 1.20 0.48364395
361.52699800 0.85 -2.10153905
363.96240500 1.20 0.68386795
370.22497200 1.15 -2.10153905
372.95180700 1.05 0.52529595
375.37863800 1.20 3.10212695
378.15531200 0.95 5.62880095
447.36970100 1.10 -2.10153905
450.19717000 1.15 0.77592995
452.82379500 0.95 3.20255495
458.78628000 0.95 -2.10153905
461.31302300 0.95 0.42520395
463.94001900 1.15 3.25219995
533.24612900 1.20 -2.10153905
535.77298700 0.90 0.12531895
542.43584500 0.80 -2.10153905
