1.72701800 0.95 -2.16562589
4.35411300 0.80 0.31146911
6.83109100 1.15 3.13844711
9.56643000 1.20 5.92378611
15.82896000 1.05 -2.16562589
18.50591900 1.15 0.61133311
25.17727900 1.20 -2.16562589
28.11227900 0.80 0.36937411
30.29738900 1.05 2.80448411
99.31132300 0.95 -2.16562589
101.93854000 0.90 0.41159111
170.85280900 1.15 -2.16562589
173.43809200 0.95 0.21965711
179.40899700 0.95 -2.16562589
182.09372200 0.80 0.36909911
188.10659100 0.90 -2.16562589
190.64175600 0.90 0.36953911
193.06844400 0.90 2.79622711
199.23115000 1.05 -2.16562589
