1.72694300 0.90 -2.23758026
4.35435400 1.15 0.63983074
11.21710600 0.85 -2.23758026
13.69397700 0.95 0.33929074
16.17065300 0.90 2.76596674
22.74222700 1.20 -2.23758026
25.61915600 1.15 0.58934874
28.44614100 1.20 3.46633374
31.23122800 1.00 6.05142074
100.45379400 1.00 -2.23758026
103.08096800 0.90 0.28959374
171.70328300 1.05 -2.23758026
174.43040900 0.90 0.33954574
180.70149800 0.95 -2.23758026
183.18657700 1.00 0.29749874
189.70764400 0.80 -2.23758026
192.04290800 1.15 0.44768374
194.56935300 0.85 2.67412874
200.99911700 1.15 -2.23758026
