272.48085600 0.85 -1.88276310
275.01648000 1.05 0.65286090
281.12897900 0.80 -1.88276310
283.95601400 1.10 0.94427190
290.43545600 0.80 -1.88276310
292.86214800 0.85 0.54392890
299.12492800 1.15 -1.88276310
302.06035100 1.20 1.05265990
309.03181100 1.20 -1.88276310
311.70859100 1.00 0.79401690
314.08518100 0.85 3.17060690
319.94752300 0.85 -1.88276310
322.57449100 1.05 0.74420490
325.30135800 1.00 3.47107190
394.31558900 1.20 -1.88276310
396.90108300 1.10 0.70273090
399.72809700 1.20 3.52974490
468.95072100 1.10 -1.88276310
471.47786500 1.15 0.64438090
540.39197000 1.15 -1.88276310
542.96912200 1.00 0.69438890
