1.52664700 0.80 -2.13187032
3.81231400 1.15 0.50379668
6.38898900 1.10 3.03047168
8.86565100 1.00 5.40713368
77.88799200 0.85 -2.13187032
80.12328300 0.85 0.10342068
82.70857600 1.00 2.83871368
88.97980400 1.20 -2.13187032
91.71486900 1.05 0.45319468
98.57791700 1.00 -2.13187032
101.10455100 0.90 0.29476368
107.62580500 0.95 -2.13187032
110.26111200 1.05 0.60343668
116.62380400 1.05 -2.13187032
119.40078400 1.10 0.69510968
126.11346300 0.80 -2.13187032
128.29009500 0.90 0.14476168
130.82549300 1.20 2.98015968
137.43832500 1.15 -2.13187032
