201.13227100 1.15 -2.69299471
204.01769700 0.80 -0.15756871
209.89691500 1.00 -2.69299471
212.53214700 1.05 -0.00776271
218.99478300 1.00 -2.69299471
221.67177000 1.00 -0.01600771
224.15672000 0.85 2.31894229
226.63358500 1.05 4.99580729
295.80607200 0.95 -2.69299471
298.29171600 1.10 -0.05735071
301.06842700 0.90 2.51936029
303.49523200 1.10 5.14616529
310.06649200 1.05 -2.69299471
312.64311600 0.95 -0.21637071
381.45738000 1.10 -2.69299471
383.98440500 0.95 -0.31596971
386.61131700 1.15 2.51094229
389.43804700 0.85 5.03767229
395.75941200 1.15 -2.69299471
398.63606200 0.80 -0.16634471
467.70870000 0.90 -2.69299471
470.18595700 1.05 -0.06573771
472.96287000 1.05 2.71117529
542.02712000 1.05 -2.69299471
