84.66806600 1.15 -2.05958743
87.19514500 1.10 0.41749157
156.56763600 0.80 -2.05958743
158.79475000 0.95 0.31752657
227.71704300 0.80 -2.05958743
229.85256800 1.05 0.32593757
232.38769500 1.10 2.91106457
235.22276600 0.80 5.44613557
303.79487000 0.80 -2.05958743
306.28032800 0.80 0.42587057
375.34496900 1.20 -2.05958743
378.28053700 1.00 0.67598057
380.86590900 1.20 3.46135257
450.23828800 0.95 -2.05958743
452.81581600 1.15 0.71794057
459.48706600 1.20 -2.05958743
462.32245200 1.20 0.77579857
531.43647800 1.05 -2.05958743
533.91362200 1.05 0.41755657
536.28969700 0.90 2.64363157
542.66131000 1.00 -2.05958743
