1.67683700 0.80 -2.29541955
4.20418300 1.05 0.48192645
6.98108300 1.05 3.25882645
76.26202800 1.10 -2.29541955
78.89729700 0.85 0.08984945
85.01861800 1.20 -2.29541955
87.64514200 0.95 0.08110445
90.22225300 1.20 2.90821545
96.99312700 0.80 -2.29541955
99.11979800 0.95 -0.01874855
101.75521900 1.20 2.86667245
108.41802400 1.10 -2.29541955
111.20341900 1.20 0.58997545
180.16700600 0.80 -2.29541955
182.64444100 1.05 0.43201545
189.57442400 1.20 -2.29541955
192.35092200 0.80 0.08107845
194.62776000 1.05 2.60791645
197.05436800 1.00 4.98452445
203.77565500 0.95 -2.29541955
