1.62710600 1.20 -2.02727895
4.55418600 0.80 0.49980105
7.03964900 1.20 3.38526405
13.71082600 1.10 -2.02727895
16.48759300 0.85 0.49948805
22.45857800 1.20 -2.02727895
25.03509200 0.85 0.19923505
27.56189500 0.90 2.77603805
96.54282300 1.10 -2.02727895
99.37860700 1.15 0.85850505
105.74131300 1.20 -2.02727895
108.51824800 1.10 0.64965605
111.14473300 0.85 3.02614105
117.36576600 0.80 -2.02727895
119.64253600 1.10 0.54949105
125.91359800 1.05 -2.02727895
128.33987700 1.00 0.34900005
130.71683500 0.95 2.67595805
136.98803000 1.15 -2.02727895
139.71496300 1.20 0.74965405
