337.50952000 1.20 -1.81883665
339.98665600 1.15 0.65829935
408.90067100 0.90 -1.81883665
411.24436800 0.85 0.52486035
418.06590300 1.20 -1.81883665
420.95122400 1.20 1.06648435
427.52235700 0.90 -1.81883665
430.44945100 1.20 1.10825735
433.22641100 1.20 3.88521735
439.79758000 1.00 -1.81883665
442.17419400 0.90 0.55777735
511.14667800 0.80 -1.81883665
513.87397800 1.00 0.90846335
520.15334600 1.10 -1.81883665
522.53835700 1.00 0.56617435
525.21522300 1.10 3.24304035
531.73638500 1.05 -1.81883665
534.06300500 0.80 0.50778335
536.89839400 1.15 3.34317235
543.33612100 0.95 -1.81883665
