274.87442600 0.85 -1.66584145
277.20153700 0.85 0.66126955
346.42413700 0.95 -1.66584145
348.80109200 0.85 0.61111355
417.66530000 1.10 -1.66584145
420.24255400 1.15 0.96141255
423.11943700 1.05 3.73829555
429.94095800 1.15 -1.66584145
432.66763900 0.95 0.86083955
434.99411200 0.85 3.08731255
441.46549000 1.05 -1.66584145
443.89234600 1.20 0.91101455
450.65497200 0.80 -1.66584145
453.14019000 1.00 1.01937655
522.00423000 1.10 -1.66584145
524.63151600 1.20 1.06144455
531.24417600 0.90 -1.66584145
533.87935800 0.90 0.96934055
540.25866700 0.80 -1.66584145
542.78566200 1.05 1.11115355
