205.95214500 1.05 -2.27448159
208.53789200 1.20 0.46126541
211.16427900 0.80 2.68765241
280.12834900 0.80 -2.27448159
282.66420800 1.15 0.61137741
289.47721500 1.15 -2.27448159
292.35404000 0.90 0.35234341
298.77527700 1.05 -2.27448159
301.51065300 1.20 0.61089441
304.39589900 1.10 3.39614041
311.01718600 1.20 -2.27448159
313.94419400 1.10 0.55252641
382.91646600 0.95 -2.27448159
385.30195200 1.05 0.21100441
454.47433500 0.85 -2.27448159
456.75154900 1.10 0.25273241
459.32825200 1.05 2.77943541
528.50080100 1.00 -2.27448159
531.22791300 0.80 0.25263041
533.61309100 1.05 2.88780841
536.38980600 0.80 5.41452341
543.01134500 1.05 -2.27448159
