399.60331900 1.10 -1.74962490
402.33877300 0.90 0.78582910
404.72368600 0.80 3.07074210
407.05888700 1.05 5.65594310
413.78019400 1.05 -1.74962490
416.46548900 1.10 0.98567010
422.93654600 1.05 -1.74962490
425.36311000 1.00 0.62693910
431.77574900 0.80 -1.74962490
433.95249400 1.05 0.67712010
503.01682400 1.20 -1.74962490
505.89389200 0.85 0.77744310
512.36503500 0.85 -1.74962490
514.95055400 1.20 1.18589410
521.82159500 0.85 -1.74962490
523.99819800 0.95 0.52697810
530.31948700 1.20 -1.74962490
533.04599000 0.95 0.72687810
539.25881000 1.10 -1.74962490
541.78562200 1.05 0.72718710
