1.72715100 1.00 -2.17879768
4.35410300 0.80 0.24815432
6.73046700 0.85 2.67451832
75.60347500 1.10 -2.17879768
78.38901100 0.95 0.45673832
84.71826700 0.85 -2.17879768
87.20358400 1.10 0.55651932
156.36784300 1.15 -2.17879768
159.24521200 1.10 0.64857132
165.62478400 1.20 -2.17879768
168.50150000 1.05 0.54791832
170.88672600 1.20 3.08314432
173.77175400 0.90 5.66817232
242.43592100 1.20 -2.17879768
245.22139900 1.05 0.45668032
247.89819000 0.90 2.98347132
316.92068600 0.95 -2.17879768
319.30597700 0.85 0.10649332
325.82742800 1.10 -2.17879768
