267.19460100 1.15 -2.31694900
269.82183300 1.15 0.31028300
272.35666400 0.90 2.59511400
274.78336700 0.90 5.02181700
281.34627100 0.90 -2.31694900
283.77298200 0.90 0.10976200
290.10258900 1.10 -2.31694900
292.92916000 0.80 0.20962200
295.31436300 1.00 2.79482500
297.74126700 1.20 5.42172900
366.91339200 0.80 -2.31694900
369.44894400 0.85 0.26860300
371.78425500 1.15 2.90391400
441.21508700 0.95 -2.31694900
443.69247800 1.20 0.41044200
450.35523100 1.00 -2.31694900
452.88177800 0.80 0.00959800
459.19448900 0.80 -2.31694900
461.52983300 1.15 0.36839500
468.19241100 0.85 -2.31694900
470.42768200 1.20 0.26832200
539.73353000 1.05 -2.31694900
542.41059400 0.85 0.16011500
