1.32685700 1.05 -2.54630229
3.90374100 0.80 -0.21941829
6.43073900 1.00 2.50757971
9.00769400 1.15 5.23453471
15.82040100 0.85 -2.54630229
18.24716500 0.90 -0.06953829
24.70985800 0.80 -2.54630229
26.98658700 0.95 -0.11957329
29.66338600 0.90 2.50722571
32.29022100 0.90 5.13406071
38.80330500 1.10 -2.54630229
41.42983700 0.85 -0.16977029
110.19422200 1.20 -2.54630229
112.87150600 1.20 0.13098171
115.69842200 1.15 2.90789771
122.37788300 1.00 -2.54630229
125.10480600 1.00 0.18062071
131.07575100 1.10 -2.54630229
133.55258400 1.20 0.03053071
136.13734000 0.90 2.31528671
205.15987800 0.90 -2.54630229
