1.41892000 1.05 -2.34371850
4.14577700 1.05 0.38313850
6.82267800 1.10 3.11003950
13.33535100 0.95 -2.34371850
16.01244000 1.20 0.58337050
22.43340900 1.05 -2.34371850
25.06034700 1.20 0.43321950
31.93178200 1.15 -2.34371850
34.70853100 1.10 0.38303050
37.23521300 1.00 2.80971250
106.31636900 1.10 -2.34371850
108.74298600 1.00 -0.01710150
115.11391400 0.80 -2.34371850
117.34901100 1.05 0.14137850
119.72562700 1.05 2.51799450
188.80664700 1.20 -2.34371850
191.64210900 1.15 0.44174350
194.11848700 0.85 2.61812150
196.54546600 1.15 5.34510050
203.45851200 1.10 -2.34371850
