207.36949400 0.80 -2.04383859
209.89651300 1.05 0.73318041
278.98584900 0.95 -2.04383859
281.36265800 1.10 0.48297041
287.52507200 0.90 -2.04383859
289.96008100 0.85 0.34117041
292.49525300 0.95 2.97634241
299.15840400 1.20 -2.04383859
301.83514300 1.10 0.53290041
304.31161800 0.85 2.75937541
306.74664500 0.85 5.19440241
375.52768000 0.95 -2.04383859
377.95437900 1.00 0.43286041
380.38124400 1.20 3.05972541
387.09406800 1.05 -2.04383859
389.62076800 1.00 0.43286141
458.31009700 1.15 -2.04383859
460.98700500 1.20 0.68306941
530.41804300 0.90 -2.04383859
532.69459600 0.90 0.23271441
538.85746400 1.15 -2.04383859
541.38427700 1.20 0.53297441
