1.61877800 0.80 -2.02201021
3.99541600 0.80 0.35462779
73.13505800 1.00 -2.02201021
75.66186400 1.05 0.55479579
81.87439300 0.95 -2.02201021
84.40104700 0.85 0.40464379
86.92798400 1.05 3.13158079
155.90903400 1.05 -2.02201021
158.28564700 1.05 0.35460279
161.01231200 0.85 2.88126779
167.33342500 0.90 -2.02201021
169.76866200 1.10 0.61322679
172.54559600 1.15 3.44016079
241.47642600 1.05 -2.02201021
244.25333400 1.00 0.70489779
250.66630400 1.20 -2.02201021
253.59303900 0.90 0.60472479
256.06986700 0.95 3.13155279
325.05928600 1.10 -2.02201021
