265.67646000 1.05 -2.41144357
268.20297900 0.80 -0.13492457
270.57986800 1.05 2.49196443
273.30681400 1.10 5.26891043
279.71962200 1.15 -2.41144357
282.34643800 1.15 0.21537243
285.02324200 1.10 2.84217643
287.60001200 1.10 5.41894643
356.93950800 1.00 -2.41144357
359.27435300 0.85 -0.22659857
361.85957000 0.95 2.45861843
368.38068100 1.00 -2.41144357
371.00735700 0.80 0.01523243
377.32872500 1.15 -2.41144357
379.90545100 1.10 0.11528243
386.81856600 1.10 -2.41144357
389.64520600 0.80 0.11519643
391.92216900 1.20 2.79215943
398.69335600 1.00 -2.41144357
401.42011400 0.90 0.21531443
470.50961000 1.00 -2.41144357
472.93639500 1.10 0.11534143
542.02548000 0.80 -2.41144357
