275.39044900 0.90 -1.85368345
277.71565100 1.20 0.77151855
284.32341400 0.85 -1.85368345
286.49862900 1.15 0.62153155
293.20636500 0.85 -1.85368345
295.63157600 1.15 0.87152755
364.76221100 1.10 -1.85368345
367.23712700 1.15 0.67123255
373.94518500 1.10 -1.85368345
376.51982300 0.90 0.52095455
378.74466700 0.85 2.69579855
381.21987200 1.10 5.42100355
387.62781100 0.95 -1.85368345
390.00294000 1.15 0.72144555
458.89178100 1.00 -1.85368345
461.56665900 1.00 0.82119455
530.55580300 1.10 -1.85368345
533.18052900 0.95 0.62104255
535.55538800 0.90 2.94590155
542.06341500 0.80 -1.85368345
