269.24920300 1.10 -1.95785741
272.02414000 1.15 0.81707959
274.59895800 1.10 3.39189759
281.20710900 1.15 -1.95785741
283.68197100 1.10 0.51700459
286.10681400 1.05 2.94184759
355.23748800 1.20 -1.95785741
357.71213800 0.85 0.51679259
359.83704900 0.80 2.64170359
365.94539100 1.05 -1.95785741
368.52044900 1.20 0.61720059
374.52809500 0.80 -1.95785741
377.15324800 1.00 0.66729559
383.96149700 1.20 -1.95785741
386.53606500 0.90 0.61671059
393.39430500 1.05 -1.95785741
395.81904500 0.90 0.46688259
398.44418500 1.10 3.09202259
467.53282700 0.90 -1.95785741
470.25800900 1.05 0.76732459
539.69707500 1.20 -1.95785741
542.22188700 1.05 0.56695459
