1.66765400 1.05 -2.14730311
4.34245200 0.80 0.27749489
6.51732400 0.80 2.45236689
75.05636400 1.00 -2.14730311
77.38135500 0.90 0.07768789
79.85658300 1.15 2.80291589
86.56427200 1.00 -2.14730311
89.23930800 1.00 0.52773289
157.96162300 0.95 -2.14730311
160.33676000 1.15 0.42783389
229.45893200 1.05 -2.14730311
232.13367500 0.90 0.37743989
300.72279800 0.95 -2.14730311
303.39775900 1.10 0.67765789
306.12252600 0.95 3.25242489
308.69755900 1.10 5.97745789
377.47829400 1.20 -2.14730311
380.15300900 1.00 0.32741189
386.51103900 1.00 -2.14730311
