2.86798100 1.20 -1.84625694
5.40115800 1.15 0.68692006
74.34837100 0.95 -1.84625694
76.72316200 0.95 0.52853406
83.33125800 0.95 -1.84625694
86.05635500 1.15 0.87884006
92.61409000 0.85 -1.84625694
95.08913300 0.95 0.62878606
97.66431200 1.20 3.20396506
103.92219700 1.05 -1.84625694
106.39693700 0.80 0.62848306
112.75515100 1.00 -1.84625694
115.38005300 1.00 0.77864506
117.95497500 1.00 3.35356706
124.31302100 1.00 -1.84625694
126.98791100 0.95 0.82863306
129.41296000 1.10 3.25368206
198.09362100 1.15 -1.84625694
