330.65534300 1.05 -2.40204517
333.02994200 0.80 -0.02744617
339.79684600 1.15 -2.40204517
342.32136800 0.85 0.12247683
344.84637600 0.95 2.64748483
347.57151200 1.20 5.37262083
353.92948600 1.10 -2.40204517
356.30433000 1.05 -0.02720117
358.77935900 1.15 2.44782783
365.38728800 1.00 -2.40204517
367.86239800 0.90 0.07306483
436.60098300 0.80 -2.40204517
438.87590700 0.95 -0.12712117
441.55110400 1.10 2.54807583
448.10931300 1.20 -2.40204517
450.73398500 1.00 0.22262683
453.05881100 0.90 2.54745283
455.93411200 1.15 5.42275383
525.17288700 1.10 -2.40204517
527.54752100 0.85 -0.02741117
533.90563800 0.90 -2.40204517
536.73088500 1.20 0.42320183
543.08862900 0.85 -2.40204517
