1.66775400 1.00 -1.72260289
4.40111700 1.10 1.11076011
10.80951700 1.20 -1.72260289
13.63406300 1.15 1.05194311
82.69808400 1.10 -1.72260289
85.27277500 0.95 0.70208811
91.93088500 0.95 -1.72260289
94.25572800 0.95 0.60224011
96.58086600 1.10 3.07737811
102.83901300 1.20 -1.72260289
105.56396100 1.20 1.00234511
174.79449100 1.15 -1.72260289
177.36943500 1.15 0.85234111
179.99410500 0.95 3.27701111
186.60240500 1.10 -1.72260289
189.37719200 1.05 1.00218411
195.98510500 0.90 -1.72260289
198.61024000 1.10 1.10253211
