1.37612400 1.00 -2.10650279
4.00098100 1.00 0.51835421
6.47570700 0.85 2.84308021
75.51491100 1.05 -2.10650279
77.98996000 1.20 0.51854621
84.39800600 1.15 -2.10650279
87.27292700 1.15 0.76841821
89.89758600 0.95 3.19307721
96.10560600 0.85 -2.10650279
98.53063600 1.00 0.46852721
104.68892300 1.15 -2.10650279
107.46348700 0.85 0.36806121
109.88878500 1.20 3.14335921
116.59656400 0.95 -2.10650279
119.17154900 1.05 0.56848221
125.52954300 0.95 -2.10650279
128.20473400 1.20 0.81868821
131.12947400 1.10 3.64342821
138.18725200 0.80 -2.10650279
