1.41784300 1.15 -2.06373339
4.24246700 0.85 0.46089061
73.24007600 1.10 -2.06373339
75.96504400 1.15 0.71123461
82.37298800 1.00 -2.06373339
84.89770700 0.85 0.31098561
153.42029700 1.05 -2.06373339
156.09499900 0.90 0.46096861
162.00328300 1.05 -2.06373339
164.57829400 1.20 0.66127761
170.93618300 1.00 -2.06373339
173.66103500 1.10 0.76111861
176.43593900 0.95 3.38602261
183.09425000 1.20 -2.06373339
186.01880900 0.85 0.51082561
188.59393700 1.10 3.33595361
191.36857300 0.90 5.91058961
197.72681500 0.95 -2.06373339
