209.98523300 1.20 -1.88691490
212.82617000 0.95 0.70402210
219.45112500 1.15 -1.88691490
222.17569200 0.80 0.48765210
290.85669700 1.15 -1.88691490
293.58164200 1.20 0.88803010
296.30652700 1.20 3.61291510
303.26450500 1.10 -1.88691490
305.83903900 0.80 0.38761910
308.06420600 1.05 2.86278610
310.58890300 0.80 5.13748310
379.46986500 1.05 -1.88691490
382.09455300 0.85 0.53777310
450.92545400 1.10 -1.88691490
453.60032200 1.15 0.83795310
460.50843500 1.10 -1.88691490
463.03339000 1.20 0.73804010
470.04142600 1.15 -1.88691490
472.71630100 1.15 0.78796010
542.05513000 1.05 -1.88691490
