336.25868600 1.10 -1.82920245
338.88553500 1.15 0.84764655
341.56227900 1.05 3.42439055
410.49339200 1.20 -1.82920245
413.22017400 1.05 0.74757955
415.94698900 1.00 3.42439455
422.15922700 0.85 -1.82920245
424.43621300 1.00 0.59778355
430.94917000 1.15 -1.82920245
433.42570600 1.00 0.49733355
439.98867100 1.10 -1.82920245
442.71558700 1.10 0.89771355
449.17821200 0.95 -1.82920245
451.80529500 1.20 1.04788055
454.33199900 1.15 3.52458455
460.85309600 1.05 -1.82920245
463.38829700 1.10 0.75599855
470.00930600 0.90 -1.82920245
472.38602500 1.05 0.69751655
541.43395700 1.20 -1.82920245
