207.96095300 1.00 -2.14354777
210.88800000 1.20 0.78349923
279.71887000 1.00 -2.14354777
282.44575900 1.00 0.58334123
288.97532000 1.05 -2.14354777
291.75220500 1.05 0.63333723
294.47914500 1.15 3.36027723
300.95025000 0.85 -2.14354777
303.31882600 0.95 0.22502823
372.11604100 0.90 -2.14354777
374.99310300 1.15 0.73351423
443.69053600 0.80 -2.14354777
446.16718300 0.80 0.33309923
448.65227800 0.95 2.81819423
517.53321700 0.85 -2.14354777
519.85976300 0.85 0.18299823
526.23927000 0.95 -2.14354777
528.77465700 1.10 0.39183923
531.60133900 1.15 3.21852123
533.77772900 0.80 5.39491123
540.29903300 1.10 -2.14354777
543.07595000 1.20 0.63336923
