1.72742700 1.10 -1.99789926
4.56273200 1.05 0.78740574
11.34234400 0.95 -1.99789926
14.05324900 1.20 0.96300574
21.02392000 0.80 -1.99789926
23.35090900 1.20 0.72908974
25.88580500 1.00 3.06398574
32.47379700 1.05 -1.99789926
35.00058900 1.15 0.62889274
104.15685500 1.20 -1.99789926
106.78367100 1.20 0.62891674
175.97305600 1.00 -1.99789926
178.29952500 0.90 0.22856974
180.87648300 1.05 2.95552774
183.56143400 0.80 5.39047874
189.43221200 0.85 -1.99789926
191.65897700 1.10 0.47886574
198.28023800 1.10 -1.99789926
200.70659300 0.80 0.12845574
