265.69936800 1.20 -2.37050848
268.22408900 1.00 -0.04578748
274.43197900 0.85 -2.37050848
276.65696900 0.90 -0.09551848
282.86529800 1.10 -2.37050848
285.69025300 1.15 0.50444652
288.56506000 1.10 3.32925352
357.55395100 1.00 -2.37050848
360.27895100 1.15 0.50449152
429.45963300 1.15 -2.37050848
432.18457500 1.15 0.35443352
434.85945700 1.15 3.02931552
437.73402100 0.85 5.60387952
444.14219200 0.95 -2.37050848
446.51709500 0.90 -0.04560548
453.17519600 0.95 -2.37050848
455.60025600 1.10 0.20455152
524.97264600 1.20 -2.37050848
527.79725600 0.90 0.15410152
530.17225700 1.00 2.62910252
532.79715000 1.00 5.25399552
538.90547500 1.20 -2.37050848
541.62990000 0.80 -0.04608348
