1.46897000 1.05 -2.19930211
4.19570500 0.95 0.42743289
6.87266700 1.05 3.20439489
9.39934800 1.05 5.73107589
15.66207000 1.05 -2.19930211
18.18867000 0.90 0.17729789
24.35984400 1.05 -2.19930211
26.78655500 1.20 0.37740889
29.61347200 1.15 3.15432589
36.02625100 1.15 -2.19930211
38.65314000 1.20 0.47758689
41.48001200 1.20 3.30445889
110.77787900 1.05 -2.19930211
113.15437500 0.95 0.07719389
119.71736300 1.05 -2.19930211
122.34398500 0.85 0.22731989
128.90691100 0.85 -2.19930211
131.29213400 1.10 0.43592089
200.58999700 1.10 -2.19930211
