1.52618300 1.00 -2.08283390
4.20941400 1.10 0.70039710
73.01517300 1.15 -2.08283390
75.48988700 1.00 0.24188010
77.81472100 0.90 2.46671410
84.32298100 1.05 -2.08283390
87.04794000 1.15 0.74212510
89.92284700 1.15 3.61703210
159.25325300 0.95 -2.08283390
161.87846000 1.20 0.79237310
164.75297800 0.90 3.36689110
171.16122600 1.05 -2.08283390
173.83608000 0.95 0.49202010
176.16109800 0.95 2.81703810
245.20845200 1.10 -2.08283390
247.78304300 0.80 0.19175710
253.69148100 1.10 -2.08283390
256.41645300 1.20 0.74213810
263.22421500 0.90 -2.08283390
265.59935400 1.10 0.49230510
