204.00954800 0.90 -2.48691143
206.53462900 1.10 0.23816957
275.61510000 0.95 -2.48691143
277.94015600 1.15 0.03814457
280.41518000 1.20 2.56316857
283.09011200 1.20 5.23810057
351.92875600 0.90 -2.48691143
354.45363600 0.85 -0.01203143
360.76196800 1.10 -2.48691143
363.48679400 1.05 0.18791457
366.06178600 1.10 2.81290657
368.88640500 0.85 5.38752557
374.89484800 1.20 -2.48691143
377.51969200 1.15 0.08793257
384.07764000 1.05 -2.48691143
386.80268700 1.15 0.33813557
455.98311700 0.95 -2.48691143
458.40800100 0.95 -0.06202743
460.88308500 1.15 2.61305657
530.21348600 0.90 -2.48691143
532.63865800 1.15 0.18826057
535.41334400 0.95 2.76294657
541.77160300 1.10 -2.48691143
