1.61801900 1.20 -2.26966137
4.14254700 0.85 -0.09513337
72.57356600 1.20 -2.26966137
75.39846200 1.20 0.55523463
144.38720200 0.90 -2.26966137
146.96213700 0.90 0.30527363
149.33687200 0.80 2.58000863
151.66219300 1.15 5.25532963
158.41997400 0.85 -2.26966137
160.74511400 1.05 0.25547863
167.50320700 1.10 -2.26966137
170.17820600 1.20 0.50533763
176.98587700 0.80 -2.26966137
179.26092700 1.00 0.20538863
185.81906200 1.00 -2.26966137
188.44397700 1.00 0.35525363
190.96894900 1.10 2.98022563
193.49361700 0.85 5.25489363
262.17433000 0.90 -2.26966137
