328.68014200 1.05 -2.14452187
331.45490300 0.95 0.53023913
334.03004300 1.10 3.25537913
340.73795200 1.00 -2.14452187
343.31273600 0.90 0.33026213
412.04351200 1.00 -2.14452187
414.66849500 1.05 0.53046113
421.02649100 0.95 -2.14452187
423.60127900 0.85 0.33026613
425.92650400 1.20 3.00549113
495.11522300 0.95 -2.14452187
497.79006600 0.95 0.53032113
500.31526400 1.15 3.25551913
507.02291700 0.90 -2.14452187
509.39810500 1.00 0.33066613
511.92312400 1.15 3.00568513
518.33126700 1.20 -2.14452187
520.90614200 1.15 0.38035313
527.41392600 0.90 -2.14452187
529.98890200 0.95 0.48045413
532.66395500 1.10 3.30550713
539.47201200 1.10 -2.14452187
541.89662600 0.85 0.03009213
