271.99929900 1.10 -1.99869276
274.57380400 0.95 0.42581224
280.73187400 0.90 -1.99869276
283.25658900 0.80 0.42602224
285.73178600 1.00 3.10121924
354.56267100 1.20 -1.99869276
357.38746700 1.10 0.72610324
363.94537100 0.95 -1.99869276
366.27050700 1.15 0.52644324
368.99491900 0.80 2.90085524
375.60324000 0.90 -1.99869276
378.07800300 0.80 0.37607024
380.35294900 0.85 2.70101624
382.82798800 0.95 5.27605524
451.95871800 1.05 -1.99869276
454.48373800 1.15 0.62632724
461.04179100 1.15 -1.99869276
463.71655000 1.00 0.52606624
532.54702400 0.80 -1.99869276
534.87196100 0.85 0.37624424
541.43008500 0.90 -1.99869276
