274.99074900 1.00 -1.75280295
277.61577900 1.15 0.87222705
346.60462400 1.15 -1.75280295
349.18776000 0.85 0.83033305
355.69618200 1.15 -1.75280295
358.07071800 0.85 0.62173305
426.90995900 0.95 -1.75280295
429.43470900 0.80 0.77194705
436.19293300 0.95 -1.75280295
438.71763100 0.80 0.77189505
441.29289800 1.15 3.34716205
443.86758200 0.90 5.92184605
512.85662100 0.90 -1.75280295
515.28160100 0.95 0.67217705
521.63969800 1.00 -1.75280295
523.81449500 0.85 0.42199405
530.47279800 1.10 -1.75280295
532.99739300 0.80 0.77179205
539.65586400 1.15 -1.75280295
542.18078700 1.15 0.77212005
