267.27739000 0.90 -2.39258761
269.91269100 1.00 0.34271339
272.43941600 1.05 2.91943839
341.42850700 0.80 -2.39258761
343.70510600 0.85 -0.06598861
346.08170000 0.80 2.26060539
348.50846500 0.90 4.78737039
355.12985600 1.10 -2.39258761
357.80666000 1.00 0.18421639
426.69593200 1.00 -2.39258761
429.02239800 0.85 -0.21612161
435.14356400 1.15 -2.39258761
437.72043400 1.20 0.23428239
444.33306300 0.95 -2.39258761
446.66800900 0.90 -0.10764161
449.05285900 1.20 2.57720839
518.42604000 1.10 -2.39258761
521.10263100 0.85 0.03400339
527.36540500 1.00 -2.39258761
530.04232400 1.05 0.33433139
532.51890200 0.90 2.66090939
535.14595400 1.20 5.58796139
542.00865200 0.80 -2.39258761
