147.12711100 1.00 -2.07642443
149.75388900 0.95 0.55035357
152.18056000 0.85 2.97702457
154.90745000 1.10 5.70391457
224.18873500 1.20 -2.07642443
226.56531500 1.00 0.30015557
233.03633500 0.90 -2.07642443
235.71335200 1.20 0.60059257
304.70264500 1.15 -2.07642443
307.12918700 0.85 0.35011757
376.28524100 1.00 -2.07642443
378.81208900 0.90 0.45042357
385.23325000 1.10 -2.07642443
387.75991700 0.85 0.45024257
390.43681500 1.00 3.12714057
459.45118800 1.00 -2.07642443
462.12802700 1.15 0.60041457
464.60465500 0.85 3.07704257
533.60232200 0.85 -2.07642443
536.17914400 1.10 0.50039757
542.99218700 1.15 -2.07642443
