1.66919900 1.10 -2.46795935
4.09557100 0.90 -0.24158735
10.65855400 1.00 -2.46795935
13.28535400 1.05 0.20884065
15.71224400 1.20 2.78573065
22.32478600 0.85 -2.46795935
24.75173500 1.10 0.20898965
93.84110300 1.00 -2.46795935
96.31791200 1.15 0.15884965
103.33098600 1.05 -2.46795935
106.05782400 1.00 0.20887865
108.78475200 1.05 2.98580665
111.41172500 1.20 5.76277965
180.85935000 0.85 -2.46795935
183.18616400 1.05 0.05885465
185.71295300 1.10 2.63564365
188.33945700 0.85 5.01214765
194.70229900 0.85 -2.46795935
196.92899900 1.05 -0.04125935
203.24176500 1.15 -2.46795935
