141.39580800 1.05 -2.42200739
143.87052700 0.90 -0.09728839
146.49519500 0.80 2.42737961
148.67025400 0.80 4.60243861
217.60951000 1.00 -2.42200739
220.18423700 0.85 0.00271961
226.49233800 0.85 -2.42200739
228.66759600 1.20 0.10325061
297.64823500 1.15 -2.42200739
300.22307700 1.15 0.15283461
302.99795700 1.05 2.82771461
305.67300100 1.20 5.65275861
312.43063700 0.80 -2.42200739
314.80572100 0.95 0.10307661
317.38918200 1.15 2.88653761
386.46956600 0.85 -2.42200739
388.84463500 1.05 0.15306161
391.46943200 0.95 2.67785861
460.30848500 0.95 -2.42200739
462.73352200 1.05 0.10302961
468.99171700 1.20 -2.42200739
471.81641900 1.00 0.20269461
540.85545400 1.10 -2.42200739
