1.66906400 1.05 -2.72383773
4.19571700 1.00 -0.24718473
6.57255900 1.20 2.32965727
9.29945800 1.20 5.05655627
16.21247900 1.10 -2.72383773
18.88942800 1.20 0.05311127
21.46592400 1.00 2.42960727
24.19306100 1.15 5.30674427
30.90568900 0.85 -2.72383773
33.49110200 1.15 0.16157527
39.80388600 1.20 -2.72383773
42.38042000 0.95 -0.39730373
111.48673800 1.20 -2.72383773
114.26357900 1.15 0.00300327
183.29471100 1.20 -2.72383773
186.12119200 0.80 -0.29735673
192.49256100 1.10 -2.72383773
194.96937800 1.20 -0.14702073
197.54614700 1.20 2.42974827
200.42304400 1.10 5.20664527
206.88588200 1.15 -2.72383773
209.76263900 0.90 -0.09708073
