1.56770900 1.05 -2.36183633
4.09240800 0.85 -0.03713733
6.26753100 1.00 2.28798567
8.79244400 0.95 4.76289867
77.73969700 0.85 -2.36183633
80.06494500 1.15 0.26341167
86.72268900 0.80 -2.36183633
88.99760600 0.80 -0.08691933
95.20596500 1.10 -2.36183633
97.63089100 1.05 0.01308967
100.25571900 1.00 2.58791767
106.56382700 1.00 -2.36183633
108.88868000 0.95 -0.08698333
177.96966000 1.20 -2.36183633
180.74414100 0.80 0.01264467
249.08336400 0.85 -2.36183633
251.35848700 1.10 0.16328667
254.18324000 0.95 2.83803967
256.85838900 1.20 5.76318867
263.61630600 1.00 -2.36183633
266.19141000 1.20 0.41326767
