141.65745700 1.05 -2.21398352
144.04281300 0.95 0.07137248
213.00701400 1.20 -2.21398352
215.83406500 0.80 0.21306748
222.19673400 0.90 -2.21398352
224.77371500 1.00 0.46299748
230.99495700 1.15 -2.21398352
233.72172300 1.00 0.36278248
236.44863500 1.05 3.13969448
305.76293800 1.05 -2.21398352
308.14017600 1.20 0.31325448
310.96689800 0.95 2.88997648
380.09783500 1.05 -2.21398352
382.88350800 1.00 0.52168948
452.19782800 1.00 -2.21398352
454.77496200 0.95 0.31315048
457.40126400 0.85 2.83945248
463.21421500 1.00 -2.21398352
465.74085900 0.90 0.21266048
468.16744300 0.80 2.53924448
470.55281400 1.20 5.32461548
539.77512100 0.95 -2.21398352
542.46099800 1.20 0.72189348
