210.38766600 0.90 -2.09442757
213.22354300 1.15 0.74144943
219.53607900 1.00 -2.09442757
222.16302300 1.15 0.53251643
224.28939300 0.80 2.65888643
226.71618800 1.05 5.08568143
295.88040800 1.10 -2.09442757
298.20737000 0.95 0.23253443
367.32991100 1.05 -2.09442757
370.00726600 1.15 0.58292743
372.74247800 1.10 3.31813943
379.65564000 1.20 -2.09442757
382.49095400 1.10 0.74088643
388.60348000 1.15 -2.09442757
391.43043800 1.20 0.73253043
393.85704400 0.85 3.15913643
399.86952500 0.85 -2.09442757
402.34625100 0.90 0.38229843
471.71907600 1.10 -2.09442757
474.49636500 1.05 0.68286143
543.56048500 0.85 -2.09442757
