270.42418800 1.15 -2.10593010
273.04903900 1.10 0.46892090
342.27122400 0.95 -2.10593010
344.89634200 1.15 0.71918790
347.47112600 1.05 3.19397190
416.41829100 1.00 -2.10593010
418.79331300 1.05 0.31909190
421.46840900 1.15 3.09418790
424.24291500 0.80 5.51869390
430.50119400 0.95 -2.10593010
432.87627100 1.15 0.46914690
435.75123900 1.20 3.39411490
504.75690200 1.20 -2.10593010
507.43152400 0.95 0.31869190
513.88960900 0.95 -2.10593010
516.16470100 1.10 0.31916190
522.92262400 0.95 -2.10593010
525.59777100 1.20 0.81921690
532.30564700 1.00 -2.10593010
534.73056100 1.00 0.31898390
541.28881300 1.20 -2.10593010
