341.03777500 1.15 -1.31952117
343.61493400 1.20 1.30763783
350.02754100 1.10 -1.31952117
352.80437800 0.85 1.20731583
359.37556200 0.85 -1.31952117
361.80252100 1.05 1.30743783
367.92340800 1.05 -1.31952117
370.70003100 0.85 1.25710183
377.17155800 1.10 -1.31952117
379.99860900 1.20 1.60752983
449.26256700 1.20 -1.31952117
452.03989200 0.85 1.10780383
520.76246200 1.05 -1.31952117
523.38968900 1.05 1.30770583
530.21118300 1.15 -1.31952117
533.04655500 1.15 1.51585083
539.81775600 1.05 -1.31952117
542.24458400 1.20 1.25730683
