324.22520600 1.00 -2.51241124
326.70184200 1.00 -0.03577524
329.17856400 0.90 2.34094676
331.75541700 1.00 5.01779976
338.37689500 1.20 -2.51241124
341.20344100 0.80 -0.08586524
343.43034400 1.15 2.49103776
346.05702000 1.10 5.06771376
415.02953700 0.95 -2.51241124
417.40626900 0.95 -0.13567924
423.71884600 0.90 -2.51241124
426.20404200 1.00 0.07278476
428.93108500 1.20 2.99982776
435.60210100 0.95 -2.51241124
438.07897300 1.10 0.11446076
440.76418700 1.05 2.74967476
447.42702500 1.05 -2.51241124
450.05377300 0.95 0.01433676
518.94315400 1.05 -2.51241124
521.57837900 1.10 0.17281376
528.24109200 0.90 -2.51241124
530.56758300 0.80 -0.28592024
532.79447200 1.15 2.29096876
539.50711500 0.85 -2.51241124
541.84210200 0.85 -0.17742424
