2.81792600 1.10 -2.16831474
5.54285700 1.15 0.55661626
8.31768700 1.10 3.33144626
77.60681400 1.20 -2.16831474
80.38160600 1.05 0.60647726
82.75607800 0.85 2.98094926
151.79528500 0.85 -2.16831474
154.02037000 0.90 0.05677026
160.77852000 1.05 -2.16831474
163.25351800 1.15 0.30668326
169.81166300 1.20 -2.16831474
172.38655500 1.20 0.40657726
178.89439200 0.90 -2.16831474
181.56945500 1.15 0.50674826
184.04409100 0.85 2.98138426
186.61906700 0.95 5.55636026
193.02724500 1.00 -2.16831474
195.25206500 0.90 0.05650526
201.71011800 0.95 -2.16831474
