273.10734000 1.05 -1.84395471
275.68231700 1.15 0.73102229
344.61306100 1.20 -1.84395471
347.13750100 0.80 0.68048529
415.86819000 0.80 -1.84395471
418.44317800 0.90 0.73103329
425.05132500 0.95 -1.84395471
427.82633200 1.05 0.93105229
430.50109600 0.95 3.60581629
436.85943800 1.20 -1.84395471
439.13398400 0.85 0.43059129
507.99820700 1.05 -1.84395471
510.42304000 1.00 0.58087829
513.19803300 1.10 3.35587129
519.15618800 1.15 -1.84395471
521.93110900 1.15 0.93096629
528.43876200 0.80 -1.84395471
531.06388300 0.95 0.78116629
533.48872600 0.90 3.20600929
539.69702000 1.10 -1.84395471
542.17167500 0.85 0.63070029
