2.62695600 1.00 -2.34893262
4.91219600 0.80 -0.06369262
7.29715000 0.80 2.32126138
13.70994500 0.80 -2.34893262
16.28674700 0.85 0.22786938
22.50778800 0.90 -2.34893262
25.04289200 1.00 0.18617138
27.21932200 0.80 2.36260138
34.23258800 1.10 -2.34893262
36.95954800 1.20 0.37802738
43.13875500 1.00 -2.34893262
45.96574100 1.10 0.47805338
48.59241800 1.15 3.10473038
51.41956400 1.15 5.93187638
57.84054500 0.95 -2.34893262
60.37572000 1.00 0.18624238
62.75229100 0.85 2.56281338
132.03339300 1.00 -2.34893262
134.91921500 1.15 0.53688938
203.93328400 1.05 -2.34893262
206.86083400 1.20 0.57861738
