1.46787700 1.00 -2.42863050
4.14291300 1.05 0.29640550
73.03992200 0.85 -2.42863050
75.46518400 1.20 0.34663150
78.08982200 0.95 2.72126950
84.39805100 1.10 -2.42863050
87.17277500 0.90 0.14609350
89.64794000 1.20 2.92125850
92.42265700 1.05 5.54597550
161.11172700 1.10 -2.42863050
163.93651300 0.95 0.24615550
170.14462900 1.00 -2.42863050
172.46938000 0.85 -0.25387950
241.55862400 1.05 -2.42863050
244.28358000 1.15 0.39632550
250.84164800 1.15 -2.42863050
253.61623100 0.80 -0.00404750
255.79139300 1.05 2.42111450
258.26602000 0.80 4.64574150
264.67406200 0.80 -2.42863050
