1.51911200 1.20 -2.11212683
4.34585600 1.00 0.51461717
10.56683100 0.95 -2.11212683
13.19375200 1.05 0.61479417
19.66472100 0.90 -2.11212683
22.24177700 1.20 0.76492917
91.13921700 1.00 -2.11212683
93.76625100 1.20 0.71490717
96.39301900 1.20 3.34167517
102.75572100 1.20 -2.11212683
105.34063900 0.90 0.17279117
111.70350400 1.10 -2.11212683
114.53870200 0.95 0.57307117
117.21564300 1.05 3.35001217
119.94261300 1.15 6.17698217
188.94002300 0.80 -2.11212683
191.37538500 1.15 0.67323517
260.65620400 0.80 -2.11212683
