209.17892400 0.95 -1.92356819
211.81436100 1.20 0.96186881
214.39108700 1.15 3.48859481
283.38014900 0.85 -1.92356819
285.60656000 0.80 0.25284281
354.29598300 1.00 -1.92356819
356.82249300 0.85 0.45294181
359.35770800 0.95 3.08815681
365.72908100 1.20 -1.92356819
368.50587200 1.10 0.75322281
374.83514800 1.05 -1.92356819
377.56218800 1.20 0.95347181
384.22493100 1.00 -1.92356819
387.47772200 1.15 1.47922281
456.26652200 1.15 -1.92356819
459.26010300 1.00 0.92001281
465.47271000 0.90 -1.92356819
468.10789100 0.95 0.76161281
470.73479700 1.10 3.53851881
540.01591700 1.00 -1.92356819
542.50113200 1.10 0.66164681
