269.00434700 1.10 -2.20002882
271.78156300 0.95 0.42718718
274.41682300 1.05 3.16244718
343.38076000 0.95 -2.20002882
345.91647200 1.00 0.38568318
352.28766000 1.15 -2.20002882
355.11432200 0.85 0.32663318
357.69121100 0.90 2.95352218
360.32646300 1.00 5.68877418
366.68937300 1.20 -2.20002882
369.46630700 1.20 0.57690518
376.28094300 1.05 -2.20002882
379.05628100 1.20 0.72530918
385.47734000 1.10 -2.20002882
387.90391500 1.00 0.12654618
390.28054200 1.00 2.50317318
396.70993800 0.90 -2.20002882
399.23655900 0.80 0.22659218
467.85892900 0.90 -2.20002882
470.14434000 0.95 0.13538218
472.42106200 1.10 2.56210418
541.78545100 1.10 -2.20002882
