1.47705200 1.20 -2.03033542
4.30406100 1.00 0.59667358
6.63012200 1.15 3.07273458
13.04344400 0.90 -2.03033542
15.62847300 0.85 0.50469358
17.80527800 1.15 2.98149858
24.32623100 0.90 -2.03033542
26.75285500 0.90 0.39628858
29.22983700 1.15 3.12327058
35.94249200 0.85 -2.03033542
38.11920800 1.05 0.34638058
106.96666900 0.95 -2.03033542
109.44356500 1.15 0.64656058
112.27884900 1.05 3.38184458
181.56002100 1.10 -2.03033542
184.38676200 0.90 0.59640558
253.05949700 1.15 -2.03033542
255.73616500 1.10 0.59633258
262.04883100 0.95 -2.03033542
