208.98710000 0.85 -1.84175352
211.37218400 1.05 0.74333048
280.24496600 1.20 -1.84175352
282.87163100 1.10 0.68491148
285.54839200 1.00 3.26167248
354.48767600 1.00 -1.84175352
357.22313200 1.15 1.04370248
426.27882700 0.90 -1.84175352
428.76415200 1.15 0.89357148
435.27676000 0.95 -1.84175352
437.60333500 0.90 0.43482148
506.72616600 1.00 -1.84175352
509.40281600 0.80 0.63489648
511.87991300 1.20 3.51199348
518.59272100 1.00 -1.84175352
520.91928300 1.00 0.48480848
527.54040100 0.85 -1.84175352
529.96719000 1.00 0.73503548
532.49407800 1.10 3.36192348
538.85653400 0.90 -1.84175352
541.38340200 1.00 0.78511448
