1.41893400 1.10 -2.18660026
4.09569900 1.05 0.44016474
6.72229100 0.90 2.91675674
75.55344700 1.00 -2.18660026
78.13006000 0.90 0.29001274
84.44291400 1.10 -2.18660026
87.26987600 1.05 0.59036174
89.89666100 1.05 3.21714674
92.53194400 1.10 5.90242974
161.28741000 0.85 -2.18660026
163.56411200 0.95 0.19010174
170.22688600 0.85 -2.18660026
172.70370400 0.90 0.34021774
175.08049500 1.05 2.86700874
181.74358500 1.20 -2.18660026
184.32862200 1.05 0.24843674
190.89156200 1.20 -2.18660026
193.71832700 1.05 0.49016474
262.49931700 1.15 -2.18660026
