1.66892900 0.90 -2.10537132
4.14587600 1.15 0.62157568
10.60866200 1.15 -2.10537132
13.33555600 1.20 0.67152268
16.26252600 1.10 3.49849268
85.30163700 0.85 -2.10537132
87.72861000 1.15 0.62160168
90.45548500 1.15 3.34847668
92.93205900 1.00 5.67505068
161.76274800 1.00 -2.10537132
164.38912600 1.15 0.67100668
171.31133000 1.10 -2.10537132
174.03814400 1.05 0.57144268
242.71054900 1.05 -2.10537132
245.43724200 0.85 0.42132168
251.09969800 1.10 -2.10537132
253.92637800 0.80 0.42130868
260.28945800 1.15 -2.10537132
263.01600000 0.85 0.32117068
