204.55095600 1.15 -2.38861583
207.27782100 1.15 0.33824917
276.19177600 0.85 -2.38861583
278.51869900 1.15 0.23830717
347.64966200 1.05 -2.38861583
350.32627300 0.85 0.08799517
419.01553200 0.90 -2.38861583
421.35080000 1.20 0.24665217
423.92721500 0.85 2.47306717
430.15664400 0.95 -2.38861583
432.43338400 1.20 0.13812417
435.11007100 1.05 2.66481117
437.48676900 1.10 5.09150917
443.79930600 0.95 -2.38861583
446.37629200 1.15 0.38837017
449.20318300 1.10 3.16526117
451.87999200 1.05 5.79207017
520.64392000 0.80 -2.38861583
522.97930900 1.20 0.34677317
529.40023600 1.10 -2.38861583
531.97701700 1.10 0.18816517
538.43993000 1.20 -2.38861583
541.31673300 1.05 0.33818717
