1.71732000 1.00 -2.19625850
4.24238700 1.00 0.32880850
6.56721600 0.90 2.55363750
12.98395100 1.20 -2.19625850
15.50877700 1.15 0.27856750
22.22496800 0.95 -2.19625850
24.85010400 1.15 0.62887750
31.53313300 1.10 -2.19625850
34.30769400 0.80 0.27830250
102.91334700 0.80 -2.19625850
105.03870100 1.20 0.32909550
107.81354500 1.20 3.10393950
110.63814300 0.90 5.62853750
179.41885500 0.90 -2.19625850
181.99374400 0.95 0.42863050
188.66843700 0.85 -2.19625850
190.94362400 1.15 0.37892850
193.46858700 1.20 2.95389150
200.08470500 0.90 -2.19625850
202.70981500 1.15 0.67885150
