276.70698000 0.90 -1.67890032
279.33214800 1.20 1.24626768
285.93992900 0.90 -1.67890032
288.31502600 1.10 0.89619668
294.72296800 0.95 -1.67890032
297.34812100 1.20 1.19625268
299.97262600 0.80 3.42075768
306.24752800 0.95 -1.67890032
308.72268000 1.15 0.99625168
311.54736200 1.00 3.67093368
380.17817700 1.15 -1.67890032
382.90299100 1.05 0.94591368
389.36120900 1.20 -1.67890032
392.28594100 1.05 1.09583168
461.20845300 1.20 -1.67890032
463.88317100 1.05 0.84581768
532.62206000 0.90 -1.67890032
535.19684000 0.80 0.79587968
541.80515800 1.05 -1.67890032
