2.83460500 1.20 -2.34773021
5.27576500 0.85 0.09342979
73.97345500 0.85 -2.34773021
76.19805000 0.80 -0.12313521
144.57045900 0.85 -2.34773021
147.49570100 1.20 0.57751179
153.97861200 1.05 -2.34773021
156.76181800 1.05 0.43547579
225.89254700 1.10 -2.34773021
228.61733600 1.05 0.37705879
231.39229300 1.05 3.15201579
234.12567200 1.20 5.88539479
240.44168200 0.85 -2.34773021
243.11693500 1.20 0.32752279
249.38313200 0.95 -2.34773021
251.85823300 1.15 0.12737079
254.33294800 0.95 2.60208579
257.05797300 1.05 5.32711079
326.03039700 1.15 -2.34773021
