208.85988800 1.15 -1.99275529
211.63474800 1.15 0.78210471
280.70692400 1.00 -1.99275529
283.43191100 1.10 0.83223171
286.00690500 1.20 3.50722571
288.63151900 0.90 5.83183971
294.84822700 1.20 -1.99275529
297.67308300 1.15 0.78210071
304.11440200 1.05 -1.99275529
306.53904500 0.80 0.18188771
312.40575500 1.05 -1.99275529
315.03040100 0.85 0.43189071
383.91982100 1.20 -1.99275529
386.79442800 0.95 0.63185171
389.26945900 1.05 3.20688271
458.34982600 0.80 -1.99275529
460.67492800 1.20 0.73234671
467.13291900 0.95 -1.99275529
469.70804000 1.15 0.78236571
538.88015200 1.00 -1.99275529
541.30497700 0.80 0.23206971
