145.18471900 0.90 -2.05031182
147.76211200 1.05 0.67708118
150.23854000 0.80 2.90350918
156.40136000 1.00 -2.05031182
158.82801600 0.95 0.32634418
161.45440000 0.85 2.85272818
163.68135600 0.95 5.17968418
232.70372800 0.85 -2.05031182
234.93086100 1.05 0.37682118
241.50213900 1.10 -2.05031182
244.07873100 0.90 0.32628018
312.94308500 1.20 -2.05031182
315.81998200 1.05 0.67658518
318.40532400 1.00 3.21192718
387.62809600 1.10 -2.05031182
390.06349800 1.05 0.33509018
459.18614800 1.20 -2.05031182
461.81326800 1.15 0.52680818
468.43453200 1.10 -2.05031182
471.16136100 1.00 0.57651718
540.13557500 1.10 -2.05031182
542.66931700 1.10 0.48343018
