2.76915100 1.20 -1.98839711
5.14560600 1.05 0.38805789
7.67241900 0.95 2.91487089
10.34923800 1.10 5.59168989
79.28860800 1.10 -1.98839711
81.76536100 1.00 0.48835589
84.30036500 0.80 3.02335989
90.56305800 1.00 -1.98839711
93.23988000 1.00 0.68842489
162.67122600 1.20 -1.98839711
165.54819200 1.15 0.88856889
172.11933700 0.95 -1.98839711
174.29587100 0.85 0.18813689
180.76714400 1.20 -1.98839711
183.65267800 1.20 0.89713689
189.96504000 0.95 -1.98839711
192.79201200 1.15 0.83857489
261.73958300 0.85 -1.98839711
