268.58667400 1.00 -2.22389636
271.31356200 1.00 0.50299164
273.89044200 1.10 3.17987164
280.70344200 1.05 -2.22389636
283.08008200 1.05 0.15274364
285.60656100 0.80 2.42922264
291.71917800 0.85 -2.22389636
294.19608900 1.05 0.45301464
296.87277900 0.90 2.97970464
299.24973900 1.15 5.60666464
306.37102800 0.95 -2.22389636
308.94790400 1.05 0.45297964
315.11048400 1.00 -2.22389636
317.63741600 1.20 0.50303564
386.87652200 0.80 -2.22389636
389.11154700 0.90 0.11112864
391.48827200 1.05 2.63785364
460.17735500 1.20 -2.22389636
463.00410800 1.00 0.40285664
469.62579700 1.20 -2.22389636
472.45269300 1.20 0.60299964
541.72531200 1.00 -2.22389636
