2.77713300 1.05 -2.50618667
5.25427500 1.15 -0.02904467
7.63084800 0.90 2.34752833
13.80177900 0.80 -2.50618667
16.07837300 0.95 -0.22959267
18.70523500 1.05 2.39726933
24.96792300 1.10 -2.50618667
27.49473000 1.15 0.02062033
34.51622800 1.20 -2.50618667
36.84276000 0.90 -0.17965467
43.41402500 1.20 -2.50618667
45.99078400 0.95 0.07057233
48.62597000 1.00 2.70575833
51.25278100 0.95 5.33256933
120.57546100 1.20 -2.50618667
122.75225700 0.85 -0.32939067
125.67949700 1.20 2.59784933
128.15585900 1.00 5.07421133
135.01921000 1.05 -2.50618667
137.79619400 1.10 0.27079733
206.91866700 1.10 -2.50618667
