1.71916000 1.10 -2.12646189
4.34573100 0.90 0.30010911
6.57260500 1.20 2.82698311
9.24937500 1.15 5.45375311
15.66203700 1.00 -2.12646189
18.33896200 1.10 0.65046311
25.01018600 1.05 -2.12646189
27.48699100 1.15 0.45034311
96.48473000 1.20 -2.12646189
99.36130700 0.80 0.35011511
101.84645700 0.85 2.88526511
108.15918800 0.95 -2.12646189
110.84435600 0.90 0.50870611
179.53339600 0.80 -2.12646189
181.80998200 0.85 0.20012411
184.24518100 0.95 2.73532311
253.42616900 0.90 -2.12646189
256.00314100 1.10 0.65051011
324.80908300 1.15 -2.12646189
