268.46180700 0.85 -2.43630186
270.99736100 0.90 0.14925214
339.86970600 0.90 -2.43630186
342.35539800 1.10 0.24939014
348.76823600 1.15 -2.43630186
351.65315300 0.85 0.14861514
357.76579500 0.85 -2.43630186
360.19282000 1.15 0.29072314
363.02798800 1.05 3.02589114
365.75494300 1.05 5.75284614
435.06940700 1.20 -2.43630186
437.89675300 1.20 0.39104414
440.83213400 1.20 3.32642514
447.85329600 0.90 -2.43630186
450.43852000 0.95 0.19892214
456.80962500 0.95 -2.43630186
459.28648100 1.10 0.19055414
528.45057100 1.00 -2.43630186
531.17783400 0.95 0.24096114
533.70444500 0.80 2.61757214
536.23139300 1.00 5.34452014
542.60261900 1.15 -2.43630186
