266.82749100 1.20 -2.29689583
269.41264100 1.20 0.28825417
276.18366000 0.95 -2.29689583
278.71869800 0.85 0.13814217
284.78949200 0.85 -2.29689583
287.31655500 1.15 0.53016717
293.57913900 1.10 -2.29689583
296.15584300 1.00 0.17980817
365.24537500 1.10 -2.29689583
367.77194100 0.90 0.02967017
370.19862700 0.95 2.50635617
372.88405700 1.15 5.39178617
441.74817700 1.05 -2.29689583
444.42512700 1.15 0.48005417
513.40578300 0.95 -2.29689583
516.04120600 1.00 0.38852717
518.62648700 1.20 3.17380817
525.38933100 1.05 -2.29689583
527.76578300 0.85 -0.12044383
530.35115000 1.05 2.66492317
532.77752900 0.85 4.89130217
539.19055000 1.10 -2.29689583
541.86715300 0.85 0.12970717
