1.57686700 1.05 -1.97347084
4.05410500 1.20 0.65376716
6.83942600 1.20 3.43908816
13.46046300 1.05 -1.97347084
15.98739800 1.20 0.70346416
85.35161600 1.05 -1.97347084
87.87855900 0.80 0.30347216
90.31360600 0.85 2.78851916
92.69024900 0.85 5.16516216
161.76297200 1.10 -1.97347084
164.24010600 1.10 0.50366316
233.11238400 1.05 -1.97347084
235.68942900 0.85 0.40357416
241.71021800 0.85 -1.97347084
244.14552000 1.10 0.71183116
313.45996000 1.20 -1.97347084
316.34545100 0.95 0.66202016
322.87516000 1.10 -1.97347084
325.30183600 1.10 0.45320516
