325.71825000 0.90 -2.65990087
328.15372500 0.90 -0.22442587
334.67517700 1.15 -2.65990087
337.56024900 0.95 0.02517113
339.94540800 1.10 2.56033013
342.77220100 0.95 5.23712312
349.20192300 1.20 -2.65990087
352.12872400 1.05 0.11690013
421.24279500 0.90 -2.65990087
423.71984400 1.15 0.06714813
426.59697500 1.00 2.79427912
429.17372800 0.85 5.22103212
435.53681400 1.20 -2.65990087
438.42182900 0.95 -0.02488587
441.09883200 1.05 2.75211713
447.86196100 1.15 -2.65990087
450.49710800 1.15 -0.02475388
453.37388200 0.95 2.65202012
522.34630100 0.95 -2.65990087
524.97371600 1.10 0.11751413
527.75891000 1.05 2.85270813
533.87961500 0.85 -2.65990087
536.40634600 0.80 -0.18316988
542.56913500 1.05 -2.65990087
