332.34717700 0.80 -2.31078041
335.13296700 1.05 0.47500959
341.75432900 1.20 -2.31078041
344.43114800 1.20 0.36603859
350.59368000 0.95 -2.31078041
353.17889100 1.15 0.27443059
422.24299000 1.10 -2.31078041
424.72005900 1.05 0.16628859
431.58322000 1.20 -2.31078041
433.95977500 0.95 0.06577459
436.23637600 0.95 2.34237559
438.77156000 1.20 4.87755959
445.38445100 1.15 -2.31078041
447.81108900 0.95 0.11585759
516.77501500 0.80 -2.31078041
519.25222700 0.85 0.16643159
521.77896700 0.85 2.69317159
528.09171200 1.05 -2.31078041
530.72688500 0.90 0.32439259
533.42887600 1.15 3.02638359
536.30580200 1.15 5.90330959
543.17724000 1.15 -2.31078041
