2.32676900 1.00 -1.87292542
4.90396800 1.05 0.70427358
7.48077300 1.00 3.28107858
76.45313700 0.80 -1.87292542
78.78857300 0.95 0.46251058
84.90872500 1.05 -1.87292542
87.44461400 1.20 0.66296358
94.31599800 1.05 -1.87292542
96.64254700 1.00 0.45362358
165.50666200 1.15 -1.87292542
168.09217300 1.10 0.71258558
170.97667200 1.15 3.59708458
177.29019600 1.05 -1.87292542
179.61676600 0.85 0.45364458
182.15197700 1.15 2.98885558
188.56474400 1.20 -1.87292542
191.14985600 1.15 0.71218658
260.32228800 0.95 -1.87292542
263.14981000 1.20 0.95459658
