270.66271200 0.80 -2.26677777
273.44849900 1.10 0.51900923
275.97524800 1.10 3.04575823
282.08776700 0.95 -2.26677777
284.96482900 1.20 0.61028423
287.54151800 1.15 3.18697323
290.06832900 1.05 5.71378423
296.53948300 1.05 -2.26677777
299.02451700 0.85 0.21825623
301.25933900 0.85 2.45307823
370.22352800 1.05 -2.26677777
373.05089900 1.10 0.56059323
379.11338600 1.05 -2.26677777
381.59009700 0.90 0.20993323
384.52558000 1.20 3.14541623
390.79652700 0.95 -2.26677777
393.27317100 0.80 0.20986623
399.43588400 1.20 -2.26677777
401.96214500 0.80 0.25948323
471.53549200 1.15 -2.26677777
474.07083400 0.90 0.26856423
543.23522700 1.20 -2.26677777
