264.32598300 1.20 -2.48231822
267.20332100 1.15 0.34501978
273.96629000 1.10 -2.48231822
276.49289300 0.95 -0.10571522
279.06954100 0.80 2.32093278
347.84202000 1.00 -2.48231822
350.56925700 0.95 0.19491878
357.04064400 1.15 -2.48231822
359.86747600 1.05 0.24451378
366.58041200 1.00 -2.48231822
369.31573300 1.10 0.35300278
371.99195000 0.80 2.72921978
374.17753900 1.20 5.31480878
443.64197200 1.20 -2.48231822
446.21914600 1.20 0.09485578
449.10442500 1.15 2.93013478
451.73113200 1.00 5.40684178
520.69532000 1.20 -2.48231822
523.57243100 0.90 0.09479278
525.90077100 0.85 2.37313278
532.56205700 1.00 -2.48231822
535.28878000 0.80 0.04440478
541.65195600 1.20 -2.48231822
