328.20570500 1.05 -2.41721009
330.93013300 0.80 0.05721791
399.51127900 1.20 -2.41721009
402.38619200 1.20 0.45770291
404.91068500 0.80 2.58219591
407.38561300 0.80 5.05712391
413.89405400 1.15 -2.41721009
416.61885300 1.05 0.20758891
419.24366800 0.95 2.73240391
421.86871600 1.10 5.50745191
428.52681800 1.15 -2.41721009
431.15141800 0.85 -0.09261009
437.30983700 1.15 -2.41721009
440.03437300 0.80 -0.04267409
446.69247700 0.80 -2.41721009
449.01739200 0.85 -0.04229509
451.44243300 0.95 2.48274591
457.85072100 1.15 -2.41721009
460.57562100 1.15 0.30768991
467.38352300 0.95 -2.41721009
469.90830700 0.85 0.00757391
472.18350800 1.10 2.53277491
541.06424300 1.10 -2.41721009
