1.66800800 1.20 -1.98541737
4.54250300 0.85 0.53907763
10.85083400 1.15 -1.98541737
13.67568800 1.10 0.78943663
19.85044400 1.05 -1.98541737
22.37510300 0.85 0.33924163
24.60020700 1.00 2.71434563
31.17494800 1.00 -1.98541737
33.80004200 1.20 0.83967663
40.35781200 0.85 -1.98541737
42.83292800 1.10 0.73969863
49.74074500 0.85 -1.98541737
52.16574500 0.90 0.48958263
120.95508700 1.20 -1.98541737
123.57957800 0.80 0.23907363
125.90491100 1.20 2.96440663
128.62977100 1.15 5.63926663
197.71865500 1.00 -1.98541737
200.29360500 1.00 0.58953263
