2.52689200 1.05 -1.77771428
5.16247800 1.20 0.85787172
11.52507900 0.80 -1.77771428
14.15195500 0.90 0.84916172
20.47268900 1.05 -1.77771428
23.14994100 1.05 0.89953772
25.72668300 1.00 3.47627972
32.14776600 0.85 -1.77771428
34.87476200 1.15 0.94928172
41.43760500 0.95 -1.77771428
44.21449300 1.05 0.99917372
46.69962800 1.10 3.48430872
53.36255400 1.00 -1.77771428
56.13950700 1.15 0.99923872
62.55232400 1.15 -1.77771428
65.27917200 1.00 0.94913372
134.47688900 1.20 -1.77771428
137.01233000 1.15 0.75772672
