1.31779100 1.05 -2.17100132
4.04283300 1.20 0.70404068
73.13986200 0.90 -2.17100132
75.71469500 0.80 0.30383168
77.83965800 0.85 2.47879468
83.69792800 1.05 -2.17100132
86.12300700 1.20 0.40407768
88.69768600 1.00 2.77875668
157.57832000 0.90 -2.17100132
160.15336000 1.05 0.55403868
162.82825600 1.15 3.32893468
165.40324100 1.15 5.90391968
234.67540900 1.00 -2.17100132
237.00024700 0.90 0.05383668
243.16679900 1.05 -2.17100132
245.89166400 1.00 0.50386368
314.98910100 1.10 -2.17100132
317.51401800 1.10 0.35391568
324.22177500 0.80 -2.17100132
