273.54099600 1.10 -1.66612160
276.11558200 0.80 0.60846440
344.94673300 1.05 -1.66612160
347.67156000 0.95 0.95870540
350.04647100 1.10 3.48361640
356.40467000 1.20 -1.66612160
359.17949900 1.10 1.00870740
365.73768900 1.20 -1.66612160
368.51214000 0.80 0.70832940
371.03723300 0.95 3.38342240
440.03448400 0.80 -1.66612160
442.35962200 1.05 0.90901640
448.66789800 1.20 -1.66612160
451.59264100 1.05 1.10862140
458.20082700 1.10 -1.66612160
460.97547600 0.85 0.85852740
467.53364800 0.95 -1.66612160
470.00865400 1.05 0.90888440
538.94768800 1.00 -1.66612160
541.62260900 1.05 1.05879940
