2.37678200 0.90 -2.31799952
4.96228200 0.85 0.26750048
11.57531600 1.10 -2.31799952
13.80176500 0.85 -0.09155052
20.01437500 0.85 -2.31799952
22.84979000 1.15 0.51741548
25.43491100 1.05 3.10253648
32.31469100 1.15 -2.31799952
34.89978000 1.05 0.26708948
37.63505000 1.15 3.00235948
106.86597900 1.20 -2.31799952
109.34312200 1.15 0.15914348
112.17002100 1.20 2.98604248
181.05062400 0.85 -2.31799952
183.37768600 0.80 0.00906248
186.00450000 0.90 2.63587648
188.63970800 0.95 5.27108448
194.96077000 1.10 -2.31799952
197.43742400 1.00 0.15865448
204.06709300 1.00 -2.31799952
206.64387400 1.10 0.25878148
