1.72019500 0.90 -2.30068415
4.30687700 0.80 0.18599785
73.09375600 1.05 -2.30068415
75.82247700 1.05 0.42803685
78.55135000 1.20 3.30690985
81.07991100 1.20 5.83547085
149.99165900 1.20 -2.30068415
152.51991500 0.90 -0.07242815
158.68661900 0.80 -2.30068415
160.91485000 0.95 0.07754685
163.54360500 1.05 2.80630185
170.06099100 1.15 -2.30068415
172.88163900 0.85 0.21996385
241.91019200 1.20 -2.30068415
244.53850300 0.85 -0.02237315
246.96710400 1.15 2.70622785
315.82853200 0.85 -2.30068415
318.05687500 1.15 0.22765885
320.73537600 0.95 2.70615985
327.55321800 1.05 -2.30068415
