1.62021800 1.10 -2.54520286
4.24881700 1.15 0.13339614
7.07735800 0.95 2.76193714
9.70622100 1.05 5.49080014
16.57403500 1.00 -2.54520286
19.25291900 1.20 0.33368114
26.27080000 1.05 -2.54520286
28.99936600 0.85 -0.01663686
31.57814500 1.10 2.81214214
34.10661500 1.05 5.29061214
40.17341200 1.20 -2.54520286
42.80188900 1.00 -0.11672586
45.23836400 0.80 2.11974914
114.12534700 1.05 -2.54520286
116.65382100 1.05 -0.01672886
123.07920600 0.90 -2.54520286
125.44946400 0.80 -0.27494486
131.41582200 1.05 -2.54520286
133.84411500 0.95 -0.21690986
136.17227600 0.90 2.06125114
205.15094600 1.10 -2.54520286
