1.41991100 1.20 -2.54723815
3.94830100 1.15 -0.06884815
10.52420500 1.20 -2.54723815
13.15272800 1.10 -0.01871515
82.36463000 0.80 -2.54723815
84.79326700 1.10 0.18139885
87.37186900 1.15 2.81000085
90.15072800 1.20 5.63885985
96.62624800 1.10 -2.54723815
99.45515100 1.15 0.33166485
102.33412800 1.05 3.11064185
104.76253800 1.15 5.63905185
111.12970800 1.20 -2.54723815
114.05833700 0.80 -0.01860915
120.32571900 1.20 -2.54723815
123.10453600 1.15 0.18157885
191.87406500 0.80 -2.54723815
194.30265400 1.05 0.13135085
196.83083300 0.85 2.45952985
202.69745400 0.90 -2.54723815
