332.04136500 0.95 -2.07671905
334.51973600 1.00 0.40165195
337.21507200 1.10 3.09698795
339.94366300 1.20 5.82557895
346.86170400 1.10 -2.07671905
349.44036100 1.00 0.50193795
355.76572200 0.95 -2.07671905
358.19417500 0.80 0.35173395
360.72255100 1.05 2.88010995
429.50088300 0.80 -2.07671905
431.87913000 0.90 0.30152795
434.64969900 1.10 3.07209695
441.26711000 0.90 -2.07671905
443.84559100 1.05 0.50176195
512.76573900 0.90 -2.07671905
515.29429200 0.80 0.45183395
521.86152500 1.00 -2.07671905
524.79052000 1.20 0.85227595
531.15770200 1.05 -2.07671905
533.43590000 0.90 0.20147895
540.46217000 1.20 -2.07671905
542.79038400 0.95 0.25149495
