328.03735100 1.20 -2.08006813
330.61583100 1.10 0.39841187
333.44473900 1.10 3.22731987
339.91206500 1.15 -2.08006813
342.59048200 0.90 0.34834887
349.26666700 1.20 -2.08006813
352.14533100 0.90 0.49859587
354.42364700 1.10 2.97691187
361.04959100 1.20 -2.08006813
363.87817200 0.85 0.39851287
366.40676600 0.95 3.02710687
373.02413500 0.85 -2.08006813
375.40263000 1.10 0.54842687
381.92834200 1.15 -2.08006813
384.45676000 1.10 0.39834987
386.93527800 1.20 2.97686787
455.89706700 1.15 -2.08006813
458.47530500 0.90 0.24816987
461.10404000 1.00 2.97690487
530.21624000 1.05 -2.08006813
532.79455600 0.85 0.29824787
538.81134100 1.00 -2.08006813
541.38984700 0.90 0.39843787
