1.72829100 1.05 -2.28849495
4.48232400 0.90 0.31553805
6.71024400 0.90 2.54345805
75.59723700 1.05 -2.28849495
78.18408700 1.05 0.29835505
80.71254900 0.95 2.72681705
87.25474100 0.80 -2.28849495
89.48317700 1.20 0.33994105
96.10874200 0.90 -2.28849495
98.43694700 0.90 0.03971005
100.86540800 1.05 2.61817105
103.44398600 1.05 5.19674905
172.51452300 1.20 -2.28849495
175.39323000 0.95 0.34021205
181.76891800 1.15 -2.28849495
184.59759600 0.95 0.34018305
187.12617200 1.10 3.01875905
193.71012300 0.95 -2.28849495
196.08863100 1.10 0.24001305
265.05882500 1.15 -2.28849495
267.58737300 1.20 0.29005305
