205.24296800 1.20 -2.13249477
208.02181500 1.20 0.64635223
277.39234900 0.95 -2.13249477
279.77069200 1.05 0.34584823
286.43827700 1.10 -2.13249477
289.11697600 0.90 0.34620423
291.74551700 0.95 3.02474523
298.16272700 1.00 -2.13249477
300.79116600 0.85 0.34594423
369.46094100 0.80 -2.13249477
371.98962500 1.00 0.59618923
374.41793000 1.10 3.12449423
377.19690900 0.80 5.60347323
445.91670600 1.05 -2.13249477
448.69563700 1.20 0.79643623
455.12108300 1.10 -2.13249477
457.79989200 1.20 0.64631423
527.06213700 1.15 -2.13249477
529.74077800 1.10 0.49614623
532.26915900 1.00 2.92452723
538.73645300 1.00 -2.13249477
541.06472600 1.10 0.29577823
