264.15565100 1.20 -2.36088796
266.73404300 1.20 0.21750404
335.70448300 0.90 -2.36088796
338.03276900 0.80 -0.03260196
340.66118600 1.15 2.59581504
347.42887800 1.15 -2.36088796
350.10762700 1.05 0.31786104
352.52792000 1.00 2.73815404
358.99488600 1.15 -2.36088796
361.82375700 1.15 0.46798304
430.50201100 0.85 -2.36088796
433.38079600 1.20 0.51789704
435.70911400 1.00 2.84621504
438.23758400 1.05 5.37468504
507.60828700 1.10 -2.36088796
510.18685500 1.15 0.21768004
516.45387300 1.05 -2.36088796
518.83214400 1.00 0.01738304
521.61095200 1.15 2.79619104
527.92806900 0.95 -2.36088796
530.40652200 0.95 0.11756504
533.23527400 1.20 2.94631704
539.75264200 1.10 -2.36088796
542.22287300 1.15 0.10934304
