268.72448900 1.20 -2.39539432
271.59909000 0.95 0.22920668
278.35717300 0.90 -2.39539432
280.83224200 1.10 0.27967468
283.55717400 1.15 3.05460668
286.38185600 0.90 5.62928868
355.37943000 1.05 -2.39539432
357.85436800 1.10 0.12954368
364.66231200 0.95 -2.39539432
366.98719600 0.90 -0.12051032
369.51219900 1.05 2.55449268
375.97042700 1.15 -2.39539432
378.79508200 0.90 0.17926068
384.85315000 0.85 -2.39539432
387.27802000 0.85 0.02947568
456.35907700 1.15 -2.39539432
459.08397700 1.15 0.32950568
465.19177700 0.85 -2.39539432
467.66696500 1.15 0.37979368
470.34184800 1.15 3.05467668
473.16670500 1.10 5.82953368
542.29724900 0.85 -2.39539432
