2.52615800 0.95 -2.61460727
4.95080800 0.80 -0.18995727
7.77602700 1.10 2.63526173
10.25066600 0.85 5.10990073
79.51497800 1.15 -2.61460727
81.88972600 0.95 -0.23985927
84.66473000 1.05 2.53514473
91.12287100 1.10 -2.61460727
93.49762400 0.95 -0.23985427
100.10589900 1.10 -2.61460727
102.53072100 1.05 -0.18978527
105.00560600 1.00 2.28509973
111.76370700 1.05 -2.61460727
114.03852000 0.95 -0.33979427
116.56367000 1.20 2.18535573
119.28851300 1.10 4.91019873
125.99661600 1.15 -2.61460727
128.62146000 1.10 0.01023673
135.57962300 1.20 -2.61460727
138.20433100 1.00 0.01010073
140.62904000 0.80 2.43480973
209.35992800 0.95 -2.61460727
