2.21735100 0.80 -1.95785721
4.69260400 1.15 0.51739579
11.45075000 1.20 -1.95785721
13.82531600 0.90 0.41670879
19.93377700 0.90 -1.95785721
22.80861000 1.15 0.91697579
29.31638200 0.90 -1.95785721
31.89130300 0.90 0.61706379
100.64707600 0.95 -1.95785721
103.27197700 0.90 0.66704379
105.79688700 0.95 3.19195379
112.25511800 1.05 -1.95785721
115.08013000 1.20 0.86715479
117.65480000 0.95 3.44182479
123.91278500 0.85 -1.95785721
126.63789700 1.05 0.76725479
129.46281100 1.10 3.59216879
198.45169500 1.10 -1.95785721
201.07686500 1.20 0.66731279
