264.89108800 1.05 -2.63326196
267.76611900 1.20 0.24176904
274.37410500 1.10 -2.63326196
276.99907500 1.15 -0.00829196
279.82402600 1.20 2.81665904
282.24875400 1.05 5.24138704
351.12950400 1.05 -2.63326196
353.45431600 0.95 -0.30844996
356.17947400 1.20 2.41670804
358.80435100 1.15 5.04158504
427.83508300 1.20 -2.63326196
430.30991500 1.05 -0.15842996
436.61775200 0.85 -2.63326196
439.24302600 1.20 -0.00798796
445.35106300 1.15 -2.63326196
448.12583000 1.05 0.14150504
454.78400300 1.10 -2.63326196
457.55900200 1.20 0.14173704
460.28387600 1.15 2.86661104
462.70845600 0.85 5.29119104
469.01649200 0.80 -2.63326196
471.49142200 0.80 -0.15833196
540.23919900 1.15 -2.63326196
543.01415800 1.20 0.14169704
