266.44384900 0.90 -2.39093248
269.07106800 0.90 0.23628652
271.60653200 1.20 3.07175052
278.47788400 1.10 -2.39093248
280.95466700 1.20 0.18585052
287.91773800 1.10 -2.39093248
290.54455000 1.15 0.28587952
359.40867800 1.20 -2.39093248
362.14426800 1.15 0.29465752
431.41682600 1.10 -2.39093248
434.24419000 1.10 0.43643152
440.65674200 0.85 -2.39093248
443.24218100 1.15 0.49450652
450.05498300 0.90 -2.39093248
452.38185100 1.15 0.18593552
455.16681300 0.85 2.67089752
457.75206100 0.90 5.30614552
526.67452500 1.10 -2.39093248
529.30997600 0.95 0.09451852
531.78691300 1.15 2.77145552
534.56343700 0.80 5.19797952
540.63431800 0.80 -2.39093248
542.91134800 1.20 0.28609752
