270.02143000 1.10 -2.07996891
272.74885800 1.15 0.69745909
275.62581400 1.15 3.57441509
282.25531700 1.05 -2.07996891
285.03229000 1.10 0.74700409
287.51719000 0.95 3.08190409
293.62986000 1.05 -2.07996891
296.15662500 1.05 0.44679609
298.59160500 1.00 2.83177609
367.35564700 1.10 -2.07996891
369.79084600 0.90 0.15523009
372.21770500 1.05 2.73208909
441.38192100 1.15 -2.07996891
444.11740300 0.90 0.40551309
450.43837600 0.85 -2.07996891
452.67329900 0.85 0.15495409
455.25011000 0.90 2.78176509
524.18081500 0.95 -2.07996891
526.86641600 0.90 0.55563209
533.13755400 1.00 -2.07996891
535.82270500 0.95 0.55518209
542.14386600 1.15 -2.07996891
