2.62694100 0.95 -2.02739105
5.21257200 1.10 0.55823995
7.64741000 0.85 2.99307795
76.86177700 1.05 -2.02739105
79.33883000 0.85 0.44966195
148.66154500 1.00 -2.02739105
151.39719100 1.20 0.70825495
153.57367900 0.85 2.88474295
159.84471300 1.00 -2.02739105
162.27977800 1.05 0.40767395
164.61460700 0.80 2.74250295
170.84404700 1.10 -2.02739105
173.57094900 1.20 0.69951095
243.19380800 1.20 -2.02739105
245.82097300 1.00 0.59977395
315.28542900 1.15 -2.02739105
317.86258000 1.00 0.54975995
320.33928900 1.00 3.02646895
327.20240700 1.20 -2.02739105
329.82925800 1.05 0.59945995
