1.57677500 1.00 -1.88150589
4.00384400 0.95 0.49556311
6.63915600 1.20 3.38087511
13.56056900 1.05 -1.88150589
16.33744800 1.00 0.84537311
85.20995700 1.15 -1.88150589
88.08736500 1.15 0.99590211
94.85032700 1.20 -1.88150589
97.62693200 0.80 0.49509911
100.10398500 1.15 3.32215211
106.82510700 0.90 -1.88150589
109.26002600 0.85 0.50341311
178.12424100 1.05 -1.88150589
180.85168300 1.15 0.94593611
183.62833700 0.90 3.47259011
189.89962100 1.15 -1.88150589
192.57627000 0.95 0.59514311
199.09766000 1.15 -1.88150589
