1.52668700 0.85 -2.05105184
3.95384800 1.00 0.52610916
10.21670700 1.15 -2.05105184
12.99361800 1.20 0.77585916
82.60829500 1.20 -2.05105184
85.42725200 1.20 0.76790516
92.29830300 0.80 -2.05105184
94.48333100 1.00 0.33397616
97.21031300 1.10 3.16095816
103.92315300 0.95 -2.05105184
106.59988300 0.80 0.47567816
108.72655400 1.00 2.80234916
111.20320200 0.95 5.22899716
117.47445400 1.15 -2.05105184
120.20134400 1.20 0.72583816
126.61396600 1.05 -2.05105184
129.34103400 1.20 0.82601616
198.70510900 0.95 -2.05105184
201.34088900 1.15 0.78472816
