208.83649500 0.90 -1.95224036
211.56390400 1.15 0.77516864
213.84041500 0.85 3.05167964
220.06137300 0.90 -1.95224036
222.39639200 0.90 0.38277864
224.98146700 0.85 2.96785364
293.70372900 1.10 -1.95224036
295.98060400 0.95 0.32463464
298.40740900 1.00 2.75143964
305.03701600 1.10 -1.95224036
307.91401200 1.20 0.92475564
314.67697200 0.85 -1.95224036
317.21209500 1.05 0.58288264
319.83897900 1.10 3.20976664
326.56024900 1.05 -1.95224036
328.98691100 0.90 0.47442164
397.65077900 0.95 -1.95224036
400.27777400 0.95 0.67475464
469.54232400 1.15 -1.95224036
472.26960800 1.00 0.77504364
541.24205100 1.05 -1.95224036
543.86927500 1.05 0.67498364
