326.56899300 1.15 -2.62411592
329.04581300 0.85 -0.44729592
331.57278200 1.05 2.27967308
334.25803200 1.10 5.01492308
403.47218900 1.05 -2.62411592
405.85768900 1.05 -0.23861592
474.62169000 1.15 -2.62411592
477.39897100 1.10 0.10316508
483.86192800 1.20 -2.62411592
486.58838700 0.80 -0.29765692
489.07383600 1.15 2.53779208
495.64488500 1.00 -2.62411592
498.02179400 1.20 -0.04720692
500.90695300 1.05 2.68795208
503.69198100 0.85 5.27298008
509.77120300 0.85 -2.62411592
512.24811600 1.10 0.10279708
519.02779500 1.00 -2.62411592
521.61285300 0.90 -0.13905792
527.78405700 1.20 -2.62411592
530.36049200 0.90 -0.34768092
532.83744700 1.10 2.32927408
535.31417400 1.10 4.80600108
542.02720200 1.10 -2.62411592
