1.42674500 0.90 -2.69368316
3.85395800 1.05 -0.11647016
6.63086700 1.05 2.66043884
9.25759900 0.95 5.18717084
15.52878000 1.10 -2.69368316
18.00535600 0.95 -0.36710716
87.12811500 1.10 -2.69368316
89.90554200 1.15 0.13374384
158.78628200 1.15 -2.69368316
161.41355700 1.15 -0.06640816
167.99298800 1.00 -2.69368316
171.12035200 1.20 0.63368084
178.97583600 1.20 -2.69368316
182.57817400 1.00 0.70865484
186.53109800 0.90 4.56157884
190.10016000 1.15 8.38064084
259.18923800 1.05 -2.69368316
261.71646300 1.05 -0.16645816
334.90033300 1.20 -2.69368316
