205.76834000 0.90 -2.32493013
208.00394300 1.15 0.16067287
277.07639300 1.15 -2.32493013
279.96224700 1.20 0.61092387
286.28307800 0.95 -2.32493013
288.71797500 0.85 0.00996687
291.30346300 1.20 2.94545487
360.51753900 1.05 -2.32493013
362.89479200 1.20 0.20232287
365.67133700 0.80 2.57886787
368.10662300 1.05 5.26415387
374.46916200 0.90 -2.32493013
376.90436400 1.00 0.21027187
379.53942800 0.95 2.79533587
385.86047200 0.95 -2.32493013
388.53729700 0.90 0.30189487
391.12245900 0.90 2.88705687
460.14501300 1.00 -2.32493013
462.82209700 0.85 0.20215387
468.74313400 1.10 -2.32493013
471.17821600 1.10 0.11015187
473.91320700 0.90 2.64514287
543.08585400 1.05 -2.32493013
