209.63791900 1.10 -1.77351471
212.41499500 0.90 0.80356129
281.47097800 1.00 -1.77351471
284.15583300 1.05 0.96134029
286.83331800 0.85 3.43882529
355.69763300 1.15 -1.77351471
358.37448700 0.85 0.60333929
364.59572600 1.00 -1.77351471
366.97216000 0.80 0.40291929
435.84480800 1.10 -1.77351471
438.28030600 1.10 0.66198329
444.55123300 1.15 -1.77351471
447.17814100 1.15 0.85339329
453.84112000 1.20 -1.77351471
456.36762800 0.90 0.45299329
458.74425800 0.90 2.82962329
465.26564500 1.10 -1.77351471
467.84224000 0.90 0.60308029
470.42769900 1.20 3.48853929
539.44148200 0.90 -1.77351471
542.07703100 0.90 0.86203429
