261.12360400 1.15 -2.46904748
263.65016100 0.95 -0.14249048
266.17695500 1.00 2.43430352
272.84814700 0.90 -2.46904748
275.37482500 0.85 0.00763052
277.76025400 1.20 2.74305952
284.32282700 1.00 -2.46904748
286.94949900 0.85 0.00762452
289.42647000 1.10 2.73459552
295.90589300 1.05 -2.46904748
298.58291600 1.20 0.35797552
301.20969000 1.20 2.98474952
370.20725100 1.00 -2.46904748
372.93431600 1.15 0.40801752
375.66112300 1.10 3.08482452
444.59204100 1.20 -2.46904748
447.26868200 0.80 -0.19240648
453.43159000 1.10 -2.46904748
456.05828800 1.00 0.05765052
525.37298600 1.10 -2.46904748
528.04968100 0.95 0.05764752
530.73493000 0.90 2.69289652
532.96987200 1.05 5.07783852
539.34106200 1.15 -2.46904748
541.96762000 0.90 -0.09248948
