3.60317600 1.05 -2.50590235
6.48002900 1.15 0.37095065
8.96507300 0.90 2.85599465
11.80045800 1.20 5.69137965
17.86295600 1.15 -2.50590235
20.53972200 1.10 0.17086365
88.92860700 0.80 -2.50590235
91.45545000 1.10 0.02094065
98.26855200 1.20 -2.50590235
100.79519100 1.00 0.02073665
169.85934200 0.95 -2.50590235
172.38637700 1.00 0.02113265
178.64897500 0.80 -2.50590235
181.07573100 1.05 -0.07914635
183.66084700 0.85 2.50596965
252.76699800 1.10 -2.50590235
255.54395800 1.20 0.27105765
258.07899200 0.85 2.80609165
260.66414800 0.95 5.39124765
267.12683500 0.85 -2.50590235
