1.71901800 1.15 -1.98288622
4.54594500 0.95 0.64404078
7.07270900 0.95 3.17080478
9.74956900 0.95 5.84766478
16.59588300 0.85 -1.98288622
19.24001500 1.10 0.91124578
88.44597600 1.20 -1.98288622
91.12251200 0.95 0.44364978
97.91079900 1.15 -1.98288622
100.78744200 0.85 0.59375678
106.85825600 0.80 -1.98288622
109.03484700 0.85 0.24370478
178.49965900 1.00 -1.98288622
181.07625600 0.80 0.39371078
183.30313800 1.15 2.97059278
252.28406000 1.05 -1.98288622
255.01086500 0.95 0.64391878
261.74077800 1.20 -1.98288622
