278.66032900 0.90 -1.51249368
281.28767600 1.15 1.36485332
287.57518600 0.90 -1.51249368
290.20203300 1.00 1.21435332
296.49797900 1.00 -1.51249368
299.02491300 1.10 1.11444032
305.39592700 1.05 -1.51249368
307.82235200 0.80 0.66393132
313.99336900 0.90 -1.51249368
316.42000600 0.80 0.81414332
323.04153100 1.10 -1.51249368
325.86852900 1.15 1.36450432
394.84117000 1.10 -1.51249368
397.61780200 0.80 0.96413832
466.42393000 0.95 -1.51249368
468.90062100 0.90 0.91419732
472.34515700 0.90 4.35873332
541.22573700 1.05 -1.51249368
543.67737900 0.95 0.83914832
