2.72626200 1.10 -2.15514258
5.45107900 1.10 0.56967442
12.20912700 1.05 -2.15514258
14.73404900 1.10 0.36977942
83.43980500 1.10 -2.15514258
86.06453800 0.95 0.46959042
155.05381400 1.15 -2.15514258
157.82866300 1.10 0.61970642
160.60360900 1.15 3.39465242
229.49273300 0.95 -2.15514258
232.36751700 1.15 0.71964142
239.07556600 1.10 -2.15514258
241.45022700 0.85 0.21951842
243.72504400 0.80 2.49433542
246.55027100 1.10 5.31956242
252.75815400 0.90 -2.15514258
255.08305400 0.90 0.16975742
257.80821900 1.15 2.89492242
264.26615000 1.00 -2.15514258
