145.51237200 1.00 -1.85115243
148.23749700 1.20 1.07397257
155.04550000 1.15 -1.85115243
157.67035600 1.10 0.72370357
160.34521800 1.05 3.34856557
229.31749800 1.00 -1.85115243
232.04234000 0.90 0.77368957
234.56741500 1.05 3.44876457
240.97561000 1.15 -1.85115243
243.45006100 0.85 0.32329857
246.02518200 0.95 2.99841957
315.06412800 0.90 -1.85115243
317.48936100 1.20 0.87408057
324.19711900 0.85 -1.85115243
326.77242500 1.20 1.07415357
395.61105900 0.85 -1.85115243
398.03606700 0.90 0.62385557
467.06703400 1.20 -1.85115243
469.94195600 1.00 0.82376957
538.73049900 0.95 -1.85115243
541.05575000 1.05 0.57409857
