1.44275800 1.00 -2.32819245
3.77611500 1.15 0.15516455
6.55908300 0.85 2.63813255
9.08391000 0.80 5.11295955
77.87304400 0.90 -2.32819245
80.14809300 0.90 -0.05314345
82.37293800 0.90 2.17170155
151.29566700 1.15 -2.32819245
153.92026200 0.85 -0.00359745
222.60969200 1.20 -2.32819245
225.28442700 1.00 0.14654255
227.90922400 0.95 2.72133955
230.43401700 0.80 5.09613255
236.39232800 1.10 -2.32819245
239.16741800 1.20 0.54689755
246.07528600 1.00 -2.32819245
248.65009500 0.90 0.14661655
317.68928700 1.00 -2.32819245
320.11427300 0.85 -0.05320645
326.52245000 1.10 -2.32819245
