267.75778200 1.00 -2.13403968
270.23283200 1.15 0.49101032
277.04060700 0.90 -2.13403968
279.56574500 1.10 0.59109832
348.58812000 1.05 -2.13403968
351.26318900 1.20 0.69102932
354.03771600 0.85 3.11555632
360.54591900 1.00 -2.13403968
363.12095600 1.10 0.54099732
365.84586200 1.10 3.26590332
372.35401800 1.20 -2.13403968
375.17871700 1.00 0.49065932
444.20094400 0.85 -2.13403968
446.47580800 0.80 0.09082432
515.41507200 0.95 -2.13403968
517.78998800 0.95 0.24087632
524.54805100 0.95 -2.13403968
526.92313200 1.15 0.44104132
529.64806500 1.15 3.16597432
532.47267000 0.90 5.74057932
538.73924700 1.00 -2.13403968
541.21409400 1.00 0.34080732
