205.75982900 1.00 -2.15786936
208.18483000 1.10 0.36713164
277.15685300 0.80 -2.15786936
279.58203400 1.10 0.56731164
282.20705500 1.20 3.29233264
289.12339700 1.20 -2.15786936
291.69830000 1.15 0.36703364
360.79566700 1.20 -2.15786936
363.37058300 1.20 0.41704664
366.24517600 0.90 2.99163964
435.03429500 1.00 -2.15786936
437.50909700 0.90 0.21693264
440.13420400 1.15 3.09203964
446.80069400 1.20 -2.15786936
449.32529600 0.90 0.06673264
451.55027600 1.00 2.39171264
453.92527900 1.05 4.81671564
523.11397000 0.80 -2.15786936
525.48925100 1.05 0.46741164
532.14724900 1.10 -2.15786936
534.92190200 0.85 0.36678364
541.28023500 1.10 -2.15786936
