1.67616300 1.05 -2.09465537
4.45069600 0.80 0.42987763
6.92609500 1.20 3.30527663
9.65063700 0.85 5.67981863
16.25875500 0.95 -2.09465537
18.58384100 1.00 0.28043063
20.90857700 0.85 2.45516663
27.41671300 0.90 -2.09465537
29.89162500 0.90 0.38025663
32.16685000 1.20 2.95548163
101.67233400 0.90 -2.09465537
104.09704100 0.80 0.23005163
110.10530700 1.00 -2.09465537
112.63011400 0.90 0.33015163
118.98840400 1.05 -2.09465537
121.46319000 1.00 0.33013063
128.17111600 0.85 -2.09465537
130.34637200 1.15 0.38060063
199.31847600 0.95 -2.09465537
