2.71774000 1.20 -1.73646833
5.60093600 1.20 1.14672767
12.35894800 1.15 -1.73646833
15.28385900 1.20 1.18844267
17.75864700 1.10 3.66323067
24.06679500 1.10 -1.73646833
26.64155200 1.00 0.83828867
95.64703500 0.90 -1.73646833
98.17187600 0.80 0.78837267
104.88018800 1.00 -1.73646833
107.60505200 1.00 0.98839567
176.62747200 1.15 -1.73646833
179.10234300 1.05 0.73840267
181.42694600 0.80 3.06300567
250.10764200 0.85 -1.73646833
252.68276100 1.05 0.83865067
259.39092800 1.15 -1.73646833
261.76562600 0.90 0.63822967
