149.13723300 1.20 -1.65366775
151.86173600 0.80 0.67083525
154.38695400 1.10 3.49605325
223.17576400 0.90 -1.65366775
225.50080200 1.05 0.82137025
294.63137400 1.05 -1.65366775
297.35635500 1.10 1.12131325
299.98112200 0.95 3.59608025
369.11163600 0.85 -1.65366775
371.48666000 1.00 0.87135625
377.99473800 1.00 -1.65366775
380.41984400 1.15 0.92143825
449.64207100 1.10 -1.65366775
452.06688200 1.00 0.67114325
458.02484600 0.85 -1.65366775
460.54971100 0.85 0.87119725
529.63901200 1.15 -1.65366775
532.31348500 0.80 0.67080525
538.62171300 0.95 -1.65366775
541.29679800 1.10 1.17141725
