269.99886300 0.90 -2.21015095
272.57374100 0.85 0.36472705
274.74869800 0.85 2.53968405
277.52391500 1.15 5.31490105
346.02087200 0.85 -2.21015095
348.69611400 1.15 0.46509105
417.73499600 1.10 -2.21015095
420.41002800 1.20 0.46488105
422.73453200 0.80 2.78938505
428.99280800 1.00 -2.21015095
431.71772000 1.05 0.51476105
500.89827400 1.05 -2.21015095
503.32299400 0.80 0.21456905
509.98145800 1.15 -2.21015095
512.45597400 0.80 0.26436505
515.13115600 1.05 2.93954705
521.28911400 0.90 -2.21015095
524.06412400 1.05 0.56485905
530.72213000 1.00 -2.21015095
533.44721200 1.15 0.51493105
535.87193800 1.00 2.93965705
542.58023400 1.20 -2.21015095
