2.36764700 1.05 -2.27246043
4.79255800 0.95 0.15245057
7.56759300 1.05 2.92748557
14.12592800 1.15 -2.27246043
16.35038900 0.90 -0.04799943
18.97544700 1.05 2.57705857
21.50020400 0.90 5.10181557
27.80839300 1.00 -2.27246043
30.18322500 0.90 0.10237157
36.54970900 1.00 -2.27246043
38.87455000 0.90 0.05238057
41.69971500 1.15 2.87754557
111.00535200 1.15 -2.27246043
113.42990000 0.80 0.15208757
116.15510300 1.15 2.87729057
184.78571700 1.05 -2.27246043
187.31051900 0.80 0.25234157
256.75806100 1.20 -2.27246043
259.63294200 1.15 0.60242057
266.54093400 1.15 -2.27246043
269.36582900 1.15 0.55243457
