206.18477200 0.90 -2.19081827
208.60986400 1.10 0.43427373
211.28462600 0.95 2.95903573
280.32370200 1.00 -2.19081827
283.04868500 1.10 0.63416473
285.82350800 1.05 3.35898773
354.40436400 1.20 -2.19081827
357.32922400 1.05 0.58404173
359.90398700 1.10 3.20880473
365.86220100 1.15 -2.19081827
368.53712300 1.20 0.53410373
374.89503700 1.10 -2.19081827
377.66993200 1.00 0.48407673
384.17818900 1.20 -2.19081827
386.90305200 1.15 0.48404473
389.42787500 1.10 2.95886773
395.63595800 1.05 -2.19081827
398.41061600 0.85 0.38383973
400.88574900 1.05 3.05897273
470.17480200 1.15 -2.19081827
472.94977100 1.20 0.63415073
541.92998300 0.85 -2.19081827
