1.56804900 1.20 -2.05993645
4.19264200 0.95 0.31465655
73.33184200 1.10 -2.05993645
76.15679900 1.20 0.86502055
145.37906000 1.10 -2.05993645
148.05372600 0.85 0.36472955
154.41186600 1.10 -2.05993645
157.03679700 0.95 0.41499455
159.61180300 1.05 3.09000055
228.60094100 1.20 -2.05993645
231.27574700 1.15 0.56486955
234.10053000 1.00 3.23965255
240.55862900 1.05 -2.05993645
242.98363400 1.10 0.41506855
245.60860300 1.15 3.09003755
252.06642900 0.90 -2.05993645
254.44146300 1.05 0.46509755
256.96654800 1.20 3.14018255
326.03867500 1.00 -2.05993645
328.41379300 1.20 0.51518155
