1.57010800 1.10 -2.01853494
4.29863800 0.90 0.50999506
73.44410300 0.95 -2.01853494
75.92275800 1.20 0.71012006
145.18471500 0.90 -2.01853494
147.56321500 1.10 0.55996506
153.98853500 0.95 -2.01853494
156.51715500 1.00 0.56008506
158.94560500 1.15 3.13853506
161.82440300 1.00 5.86733306
168.49185500 0.85 -2.01853494
170.76230600 1.05 0.45191606
177.02866300 0.90 -2.01853494
179.50711900 0.95 0.50992106
186.18296500 0.90 -2.01853494
188.76168700 1.10 0.76018706
191.38172200 0.80 3.08022206
259.87619600 0.80 -2.01853494
