274.31300000 0.90 -1.63849425
276.69124300 0.90 0.73974875
279.31987900 0.90 3.36838475
285.73721200 1.05 -1.63849425
288.11524100 0.80 0.48953475
290.59387800 1.10 3.26817175
359.61420400 1.10 -1.63849425
362.44317500 1.20 1.29047675
368.96872500 1.00 -1.63849425
371.64723400 0.85 0.89001475
378.16474900 1.05 -1.63849425
380.69340400 1.20 1.04016075
387.21047600 0.95 -1.63849425
389.63902500 1.15 0.99005475
396.25653300 1.15 -1.63849425
398.78500600 1.15 0.88997875
467.55449000 0.80 -1.63849425
469.68272900 1.05 0.73974475
538.63620400 1.05 -1.63849425
541.16487600 1.20 1.04017775
