263.95570000 1.05 -2.65364646
266.38402700 1.05 -0.22531946
272.90980800 0.95 -2.65364646
275.33808100 1.10 -0.22537346
277.80827200 0.80 2.24481754
280.43672900 1.20 4.87327454
349.55731300 0.85 -2.65364646
352.28597800 1.10 0.07501854
421.19786000 0.95 -2.65364646
423.62619300 1.05 -0.22531346
430.51067600 1.15 -2.65364646
433.43968100 1.20 0.27535854
435.91825500 0.80 2.75393254
438.49677300 0.90 5.33245054
444.87217100 1.10 -2.65364646
447.30051100 1.10 -0.22530646
454.11851500 1.10 -2.65364646
456.59676300 0.85 -0.17539846
459.27537300 1.10 2.50321154
462.10423000 1.20 5.33206854
468.57995900 0.95 -2.65364646
470.85809600 0.95 -0.37550946
473.17851200 0.85 1.94490654
542.24002400 0.90 -2.65364646
