2.11937600 0.80 -2.24102065
5.04806400 1.20 0.68766735
11.56560400 1.00 -2.24102065
14.14414800 1.00 0.33752335
16.72283500 0.85 2.91621035
85.75970000 1.10 -2.24102065
88.43846500 1.00 0.43774435
91.01686900 1.05 3.01614835
97.28401500 0.90 -2.24102065
100.11278700 1.10 0.58775135
106.53833500 1.05 -2.24102065
108.91674900 0.85 0.13739335
111.34507400 0.85 2.56571835
117.91238100 1.15 -2.24102065
120.83327300 1.20 0.67987135
123.56179600 1.20 3.40839435
192.53199700 1.20 -2.24102065
195.06061600 0.95 0.28759835
197.63916200 1.00 2.86614435
266.20881100 0.95 -2.24102065
