325.72236900 1.20 -2.40926121
328.64698100 0.90 0.21535079
330.92209900 1.10 2.69046879
333.49703700 1.15 5.31540679
340.25482200 0.85 -2.40926121
342.52985500 0.95 -0.03422821
345.15473700 1.00 2.64065379
347.72953400 0.85 5.06545079
353.58786600 1.05 -2.40926121
356.21277800 1.10 0.26565079
362.82085700 1.10 -2.40926121
365.29587000 1.20 0.16575179
372.06217700 1.05 -2.40926121
374.58702300 1.00 0.06558479
376.96177200 0.85 2.29033379
383.26998700 0.95 -2.40926121
385.74492600 1.00 0.11567779
454.88385500 0.90 -2.40926121
457.50893000 1.05 0.36581379
526.84809100 1.20 -2.40926121
529.57266300 0.80 -0.08468921
531.89792100 1.20 2.64056879
538.85573700 0.90 -2.40926121
541.28055400 0.85 -0.03444421
