272.22406800 1.10 -2.19759952
274.64876300 0.90 0.02709548
343.12974000 1.15 -2.19759952
345.70461200 1.10 0.32727248
352.56243500 0.90 -2.19759952
354.93745900 1.00 0.27742448
361.19545300 0.90 -2.19759952
363.57053100 1.10 0.37747848
366.34536000 1.00 3.05230748
369.02006100 0.80 5.52700848
438.00090300 1.00 -2.19759952
440.47572700 0.90 0.17722448
509.30629600 0.85 -2.19759952
511.68157300 1.15 0.47767748
514.25651200 1.20 3.10261648
517.03139800 1.20 5.87750248
523.99760400 0.95 -2.19759952
526.27269700 1.20 0.32749348
533.03052000 0.95 -2.19759952
535.50541400 0.90 0.22729448
541.76342400 0.85 -2.19759952
