1.61761700 0.80 -1.71937972
3.79249700 0.80 0.45550028
10.00073400 1.00 -1.71937972
12.47559100 0.90 0.65547728
81.63168100 1.00 -1.71937972
84.35631300 1.05 1.05525228
153.07871700 1.15 -1.71937972
155.85360000 1.15 1.05550328
162.31129400 0.80 -1.71937972
164.78644700 1.10 1.05577328
171.24455500 1.10 -1.71937972
174.01919600 0.95 0.90526128
176.59436200 1.05 3.58042728
245.56654800 0.95 -1.71937972
248.04137100 0.85 0.65544328
250.46638800 0.95 3.18046028
256.62430900 0.80 -1.71937972
259.09962800 1.20 1.15593928
