1.61786100 1.05 -2.40866136
4.40114800 1.10 0.42462564
6.87574200 0.80 2.59921964
12.89250300 1.15 -2.40866136
15.51708600 0.80 -0.13407836
17.89221600 1.10 2.54105164
20.66715300 1.10 5.31598864
89.92259700 0.90 -2.40866136
92.34748900 0.85 -0.03376936
94.67259100 1.05 2.49133264
101.33074600 1.15 -2.40866136
104.20561100 1.10 0.41620364
111.11337700 0.85 -2.40866136
113.28850700 1.05 -0.03353136
116.06347600 1.05 2.74143764
185.40191900 0.85 -2.40866136
187.72751300 1.20 0.26693264
190.30208100 0.95 2.59150064
259.52446600 1.05 -2.40866136
261.94936100 1.05 0.01623364
268.35742000 1.00 -2.40866136
270.93222500 0.90 0.06614364
