1.46792000 1.15 -2.35746105
4.24270000 1.05 0.31731895
73.09000000 1.00 -2.35746105
75.76495100 1.05 0.36748995
144.48731500 1.10 -2.35746105
147.21214700 1.00 0.26737095
216.44270700 0.95 -2.35746105
218.81781800 1.10 0.16764995
221.39237300 0.80 2.44220495
223.56765100 1.15 4.96748295
230.47535300 0.80 -2.35746105
233.00031200 0.90 0.26749795
239.30873700 1.20 -2.35746105
242.23353100 1.10 0.46733295
248.84134800 0.85 -2.35746105
251.36661100 1.20 0.51780195
254.19130300 1.00 3.14249395
256.91632300 1.10 5.96751395
325.79682500 0.95 -2.35746105
328.07181600 1.00 -0.03247005
