205.28487000 0.95 -2.11359177
207.95989200 1.10 0.71143023
214.91826200 1.20 -2.11359177
217.84265300 0.90 0.51079923
224.20080700 1.05 -2.11359177
226.77556100 0.85 0.26116223
229.10082700 1.15 2.88642823
298.09791500 1.00 -2.11359177
300.47303600 1.20 0.46152923
303.29800500 1.20 3.28649823
310.36417400 1.00 -2.11359177
312.83930000 1.20 0.56153423
319.24702600 0.85 -2.11359177
321.82193600 0.85 0.46131823
390.70288300 1.15 -2.11359177
393.42770800 1.05 0.51123323
462.40830500 0.85 -2.11359177
464.63327800 1.05 0.31138123
467.40822800 1.10 3.13633123
469.98282100 0.80 5.41092423
538.77180900 0.80 -2.11359177
540.99715700 1.20 0.51175623
