277.09905500 1.15 -1.60259563
279.72377600 0.90 0.77212537
286.28171600 0.80 -1.60259563
288.80683100 1.00 1.12251937
295.01512500 1.20 -1.60259563
297.53994300 1.15 0.87222237
303.69791700 1.00 -1.60259563
306.02293600 1.10 0.82242337
375.16190600 1.05 -1.60259563
377.78654700 0.80 0.77204537
379.91175500 1.05 3.14725337
448.74237300 1.15 -1.60259563
451.61748900 1.20 1.32252037
458.07518300 0.80 -1.60259563
460.60013900 0.85 0.97236037
463.12530500 1.10 3.74752637
532.24738500 0.80 -1.60259563
534.62234500 0.90 0.87236437
541.23056600 1.10 -1.60259563
