264.92429300 1.10 -2.24554648
267.69930800 1.20 0.62946852
270.52401300 1.00 3.25417352
339.42141200 1.10 -2.24554648
342.04637200 1.15 0.42941352
348.90429200 1.00 -2.24554648
351.27939300 1.20 0.32955452
354.00390000 0.85 2.70406152
422.73490100 1.15 -2.24554648
425.35961700 0.95 0.17916952
427.98453200 1.05 2.90408452
430.55933700 0.90 5.32888952
437.31740400 0.85 -2.24554648
439.84221600 0.80 0.22926552
446.06716700 1.00 -2.24554648
448.64207600 1.00 0.32936252
517.55598400 0.95 -2.24554648
519.83110000 1.10 0.17956952
522.60574300 0.85 2.70421252
529.11380000 0.85 -2.24554648
531.68894600 1.10 0.57959952
538.26377700 1.15 -2.24554648
541.13841700 0.95 0.42909352
