1.57616100 1.05 -2.30584986
4.20102200 1.10 0.36901114
6.72575700 0.95 2.74374614
75.92318700 0.85 -2.30584986
78.49834400 1.10 0.51930714
84.81480100 1.15 -2.30584986
87.63948200 0.95 0.31883114
90.16455100 1.15 3.04390014
159.25342600 0.90 -2.30584986
161.67828600 0.85 0.06901014
167.68670400 1.15 -2.30584986
170.21165600 1.20 0.26910214
176.92811100 1.20 -2.30584986
179.50299900 1.20 0.26903814
182.17760800 0.90 2.64364714
184.60259800 1.05 5.21863714
191.01048200 0.80 -2.30584986
193.38539600 0.80 0.06906414
195.51063700 1.10 2.49430514
264.39133900 1.05 -2.30584986
266.96638800 1.20 0.41919914
