1.62591100 0.80 -1.87624311
4.00107200 1.15 0.84891789
10.50914800 1.10 -1.87624311
13.28382500 0.90 0.69843389
19.45032200 0.95 -1.87624311
21.77537200 1.10 0.59880689
24.60000000 0.90 3.22343489
93.49742000 0.90 -1.87624311
95.92248200 1.05 0.69881889
102.53070100 1.20 -1.87624311
105.45549800 1.10 0.94855389
111.91335400 0.85 -1.87624311
114.08852300 1.15 0.59892589
116.66304700 0.95 2.97344989
122.67976800 1.10 -1.87624311
125.30445600 0.85 0.49844489
127.72969900 1.20 3.27368789
196.79363700 1.10 -1.87624311
199.51835000 0.90 0.64846989
