145.41241200 1.15 -1.97849843
147.93724500 1.05 0.44633457
150.71222300 1.10 3.27131257
219.89291500 1.15 -1.97849843
222.71776400 1.05 0.74635057
291.65673300 1.15 -1.97849843
294.18167000 1.05 0.44643857
363.52910700 1.20 -1.97849843
366.10392500 1.10 0.49631957
435.12596300 0.90 -1.97849843
437.45096300 0.90 0.34650157
443.85910200 0.95 -1.97849843
446.13381900 0.85 0.19621857
514.97313400 1.05 -1.97849843
517.74776400 0.85 0.59613157
524.26426800 0.90 -1.97849843
526.88933600 1.05 0.79656957
529.56428400 1.15 3.57151757
532.18913700 1.10 6.14637057
538.79727900 1.15 -1.97849843
541.52219800 1.15 0.74642057
