336.04656600 1.00 -1.66372855
338.77139400 1.00 1.06109945
345.38806900 1.20 -1.66372855
347.96287300 1.15 0.86107545
350.43773800 1.15 3.33594045
356.99564000 0.90 -1.66372855
359.52057300 0.95 0.91120445
361.94543800 0.90 3.28606945
430.67642300 1.20 -1.66372855
433.35093400 0.80 0.61078245
439.45914100 0.95 -1.66372855
441.78427400 1.15 0.86140445
510.70642500 0.95 -1.66372855
513.33146900 1.10 1.11131545
520.28880400 1.05 -1.66372855
522.86437600 1.05 0.91184345
529.67230900 1.10 -1.66372855
532.29745300 1.15 1.01141545
538.90515300 0.85 -1.66372855
541.38028800 1.05 1.01140645
