2.63399700 0.90 -2.34640243
5.01758600 0.95 0.03718657
7.85932400 1.10 2.87892457
13.87548300 0.85 -2.34640243
16.80903700 1.20 0.58715157
19.58391100 1.20 3.36202557
26.40866600 1.20 -2.34640243
29.13345600 1.05 0.37838757
98.18074500 0.95 -2.34640243
100.57218100 0.80 0.04503357
102.89714800 0.90 2.37000057
105.57227800 1.10 5.04513057
111.69702900 1.05 -2.34640243
114.37187600 1.05 0.32844457
120.98848800 1.20 -2.34640243
123.51333400 1.15 0.17844357
126.18820400 1.15 2.85331357
195.16867200 0.90 -2.34640243
197.79377900 1.10 0.27870457
267.22458800 1.20 -2.34640243
269.99946300 1.20 0.42847257
