1.53397400 0.80 -1.99212106
3.86776800 1.05 0.59167294
6.45103300 1.10 3.22493794
9.28422700 1.05 6.00813194
15.70043100 0.90 -1.99212106
18.13373800 0.90 0.44118594
24.55861800 1.05 -1.99212106
27.08343500 0.95 0.43269594
95.97258300 1.15 -1.99212106
98.74711700 0.80 0.43241294
105.03875800 1.00 -1.99212106
107.36364700 0.95 0.28276794
113.68027500 1.10 -1.99212106
116.45509500 1.05 0.73269894
118.93005400 1.10 3.25765794
125.45479900 1.10 -1.99212106
127.97972600 1.10 0.53280594
196.60210200 1.15 -1.99212106
