2.77619700 1.20 -1.93874394
5.20067900 0.80 0.48573806
11.40899800 1.00 -1.93874394
13.83400000 1.05 0.48625806
82.83112700 1.00 -1.93874394
85.70634300 1.20 0.93647206
92.81443700 1.20 -1.93874394
94.98892600 0.80 0.23574506
97.46403100 1.00 2.71085006
99.93877300 0.85 5.18559206
106.14697600 0.95 -1.93874394
109.02212500 1.20 0.93640506
115.73010600 1.10 -1.93874394
118.25486100 1.00 0.58601106
125.01316800 1.20 -1.93874394
127.73800400 1.10 0.78609206
130.11270000 0.95 3.16078806
198.74330800 0.95 -1.93874394
