146.71225100 1.00 -2.03442924
149.23728200 1.15 0.64060176
155.69535800 1.20 -2.03442924
158.22020300 1.05 0.34041576
160.99525100 1.20 3.26546376
230.13411900 0.95 -2.03442924
232.40916400 1.10 0.39061576
239.26731300 1.15 -2.03442924
242.04211700 1.05 0.64037476
244.51686800 0.85 2.91512576
313.35604700 0.90 -2.03442924
315.68130400 1.20 0.59082776
384.75331200 0.80 -2.03442924
386.97844900 1.00 0.39070776
393.23676000 1.20 -2.03442924
396.16125800 0.80 0.49006876
398.33645100 1.10 2.96526176
400.86125900 1.00 5.39006976
469.69205000 1.00 -2.03442924
472.21680900 0.80 0.29032976
540.86444500 1.00 -2.03442924
