81.61449600 0.85 -2.01618391
84.18959400 1.05 0.75891409
153.23688400 1.00 -2.01618391
155.76171100 0.95 0.45864309
161.92000600 1.15 -2.01618391
164.69473000 1.10 0.70854009
167.21968900 1.05 3.18349909
236.15882100 1.20 -2.01618391
238.95017700 1.00 0.57517209
241.37494600 0.85 2.84994109
310.04747500 1.00 -2.01618391
312.67219000 0.90 0.50853109
319.08046500 1.00 -2.01618391
321.55516900 0.90 0.35852009
390.54428200 0.95 -2.01618391
392.91939300 1.15 0.55892709
395.79434400 1.20 3.48387809
464.96657600 1.10 -2.01618391
467.69150300 1.15 0.75874309
470.21619900 0.95 3.08343909
539.15521500 1.00 -2.01618391
541.83030600 1.20 0.85890709
