2.82636700 1.15 -2.28235925
5.70125300 1.15 0.59252675
8.22585200 0.90 3.11712575
77.37323500 0.90 -2.28235925
79.59815200 0.90 -0.05744225
86.20643300 1.10 -2.28235925
88.83122400 1.10 0.34243175
91.30620300 1.05 2.81741075
97.66446100 1.20 -2.28235925
100.13898200 0.85 0.19216175
103.06424900 1.20 3.11742875
172.00320100 1.10 -2.28235925
174.67791500 0.95 0.39235475
243.41690500 0.90 -2.28235925
245.79186600 0.90 0.09260175
248.21666600 0.85 2.51740175
250.84188900 1.05 5.14262475
257.60007300 1.20 -2.28235925
259.87468000 0.95 -0.00775225
328.95570200 1.20 -2.28235925
