348.14672300 1.15 -2.02835476
351.49633500 1.20 1.32125724
362.11286000 1.15 -2.02835476
364.33694200 0.90 0.19572724
366.91192100 0.95 2.77070624
369.63694900 1.10 5.49573424
382.71990400 1.20 -2.02835476
385.14462400 1.05 0.39636524
397.14462500 1.10 -2.02835476
401.14429300 1.20 1.97131324
470.02471800 1.10 -2.02835476
472.79972300 1.20 0.74665024
541.88021300 1.05 -2.02835476
544.45513300 1.05 0.54656524
547.07997300 1.00 3.17140524
553.78820300 1.15 -2.02835476
556.36277200 0.85 0.54621424
562.52095800 0.95 -2.02835476
565.09590200 0.95 0.54658924
570.90399600 0.95 -2.02835476
573.47901600 1.05 0.54666524
