1.67622300 1.20 -2.14468968
4.35074600 0.85 0.17983332
73.20655800 0.85 -2.14468968
75.63157300 0.95 0.38032532
77.90670800 1.20 2.90546032
80.58166500 1.20 5.58041732
149.97042700 0.90 -2.14468968
152.39544300 1.00 0.38032632
158.75365300 1.15 -2.14468968
161.32826300 0.80 0.07992032
163.60343300 1.10 2.65509032
170.11144100 1.00 -2.14468968
172.63638600 1.05 0.43025532
179.59445600 1.05 -2.14468968
182.31944500 1.15 0.68029932
185.14431800 1.15 3.50517232
191.45230100 1.05 -2.14468968
193.82740800 1.20 0.38041732
200.43528400 0.95 -2.14468968
