1.31769000 0.85 -2.21868100
3.49288800 1.20 0.30651700
72.73169400 0.90 -2.21868100
75.20681700 1.15 0.50644200
81.66500200 1.20 -2.21868100
84.48965600 0.95 0.35597300
87.01468000 1.05 2.98099700
89.78970900 1.20 5.90602600
96.74780500 1.20 -2.21868100
99.62254100 1.10 0.55605500
102.09722300 0.85 2.78073700
108.25531700 0.85 -2.21868100
110.43036000 1.15 0.25636200
179.66109000 0.90 -2.21868100
181.93628400 1.20 0.35651300
184.86099900 1.00 3.08122800
253.75016600 1.10 -2.21868100
256.52511700 1.10 0.55627000
263.28288300 0.80 -2.21868100
265.55789200 0.85 0.10632800
