273.13230900 0.80 -1.74622555
275.60736700 0.95 0.87883245
278.13244300 1.10 3.55390845
284.24041200 1.00 -1.74622555
286.91518600 0.85 0.77854845
355.93774400 1.05 -1.74622555
358.41277200 1.15 0.82880245
365.07087600 0.95 -1.74622555
367.74578500 1.15 1.12868345
436.94305300 1.10 -1.74622555
439.61812000 1.20 1.02884145
446.42609300 1.10 -1.74622555
449.20105600 1.15 1.07873745
518.37328100 1.05 -1.74622555
521.09835000 1.20 1.12884345
523.87322500 1.15 3.85371845
530.33133500 1.15 -1.74622555
532.80599900 0.95 0.52843845
538.96429800 1.10 -1.74622555
541.63919900 1.10 0.92867545
