261.94143300 1.20 -2.51086656
264.51615100 1.00 -0.13614856
267.04106500 1.00 2.38876544
273.09913400 0.95 -2.51086656
275.37392100 0.80 -0.38607956
277.59884400 0.80 1.83884344
283.60695900 0.85 -2.51086656
286.08215400 1.10 0.21432844
292.59005900 0.95 -2.51086656
295.16518200 1.15 0.26425644
364.43759200 1.20 -2.51086656
367.11218300 0.85 -0.18627556
436.19311500 1.10 -2.51086656
438.76789800 1.05 0.01391644
441.44283800 1.05 2.68885644
510.23194800 1.10 -2.51086656
512.90660000 0.80 -0.13621456
515.18187000 1.15 2.48905544
518.00653500 0.95 5.11372044
524.21477900 1.05 -2.51086656
526.98975300 1.15 0.36410744
529.56443600 0.95 2.73879044
532.08955400 1.15 5.46390844
538.69743400 0.90 -2.51086656
541.07226900 0.90 -0.13603156
