326.35540500 1.05 -2.54569962
328.88033400 1.10 0.02922938
397.91947500 1.15 -2.54569962
400.39411100 0.95 -0.27106362
403.06912900 1.00 2.45395437
409.27717200 0.95 -2.54569962
411.90232900 1.20 0.32945738
418.26022500 1.00 -2.54569962
420.58518800 1.05 -0.17073663
423.10989000 0.90 2.20396538
425.73496900 1.00 4.92904438
494.52404500 1.15 -2.54569962
497.34892500 1.10 0.22918037
503.90705500 1.10 -2.54569962
506.43201700 1.15 0.02926238
509.00662300 0.90 2.35386838
515.26499400 1.15 -2.54569962
517.93976700 1.00 -0.02092663
520.46479100 1.15 2.65409737
526.97291800 1.15 -2.54569962
529.74756500 0.90 -0.02105263
532.22268100 1.15 2.70406337
534.99757100 1.15 5.47895337
541.20570300 1.15 -2.54569962
