1.56782000 1.05 -2.24238825
4.04269500 1.05 0.23248675
10.35100400 1.20 -2.24238825
13.02572600 1.00 0.23233375
82.31458700 0.85 -2.24238825
84.73974000 1.10 0.43276475
87.21440500 0.85 2.65742975
93.17286800 1.20 -2.24238825
96.09760400 1.10 0.58234775
102.75576900 1.15 -2.24238825
105.58052700 1.00 0.43236975
108.15544800 1.00 3.00729075
177.00281200 1.00 -2.24238825
179.47771600 1.00 0.23251575
181.80268600 1.05 2.60748575
184.57747900 0.95 5.28227875
253.60825300 1.00 -2.24238825
255.93298400 0.85 -0.06765725
258.10810100 1.05 2.30745975
264.21623000 1.05 -2.24238825
