203.98494100 0.85 -2.19777000
206.36010800 1.05 0.37739700
275.49082100 1.00 -2.19777000
278.11569400 0.95 0.37710300
346.95475700 0.95 -2.19777000
349.58010500 1.00 0.47757800
351.90481300 1.20 3.00228600
354.77939900 0.90 5.57687200
361.58755400 1.05 -2.19777000
364.21260300 1.10 0.47727900
367.03745800 1.10 3.30213400
373.54553800 1.05 -2.19777000
376.12036600 0.90 0.22705800
378.34511300 0.80 2.35180500
446.97596600 0.95 -2.19777000
449.55082700 0.85 0.27709100
451.77576700 0.90 2.55203100
520.55664400 1.05 -2.19777000
523.18144800 0.95 0.32703400
529.68968300 1.10 -2.19777000
532.31439200 0.90 0.22693900
539.02245400 0.85 -2.19777000
541.24754700 1.05 0.22732300
