1.71749100 0.90 -2.07537347
4.29268800 1.10 0.69982353
7.11758900 1.10 3.52472453
9.90079900 1.05 6.25793453
16.35920500 1.00 -2.07537347
19.03387900 1.15 0.74930053
25.74196300 1.15 -2.07537347
28.26688000 1.15 0.44954353
30.74142300 0.80 2.57408653
36.85008900 1.15 -2.07537347
39.62481500 1.20 0.74935253
46.33288100 1.20 -2.07537347
49.25757000 1.05 0.69931553
56.06550500 0.85 -2.07537347
58.44068300 1.15 0.59980453
127.59611000 0.80 -2.07537347
129.72107700 0.85 0.09959353
198.11026000 1.00 -2.07537347
200.43514200 0.95 0.19950853
