262.32493000 1.20 -2.42817188
264.71618900 0.85 -0.03691288
271.13295700 1.20 -2.42817188
273.80787900 1.20 0.24675012
276.33261200 1.00 2.77148312
282.84916600 1.20 -2.42817188
285.62410500 1.20 0.34676712
287.99877800 1.00 2.72144012
357.14634600 1.15 -2.42817188
359.52112400 1.05 -0.05339388
362.00414300 0.85 2.42962512
364.49579500 0.90 4.92127712
370.83750100 1.10 -2.42817188
373.26219800 0.85 -0.00347488
442.35156200 1.20 -2.42817188
444.87632600 1.05 0.09659212
447.55118600 1.00 2.77145212
454.02576900 0.90 -2.42817188
456.50083800 1.00 0.04689712
458.92562400 0.90 2.47168312
527.59814000 0.95 -2.42817188
530.22300200 0.95 0.19669012
532.85644300 1.10 2.83013112
539.48944200 1.05 -2.42817188
542.01415400 0.85 0.09654012
