1.36780700 1.00 -2.58916833
3.74288300 1.20 -0.01409233
10.35068800 0.90 -2.58916833
12.82580600 1.15 0.13594967
15.70077300 1.20 3.06091667
84.70644700 1.15 -2.58916833
87.38107800 0.95 -0.11453733
90.05605200 0.95 2.56043667
92.58095500 1.00 5.13533967
98.98890600 0.80 -2.58916833
101.11384100 0.85 -0.41423333
169.79492000 1.20 -2.58916833
172.51981100 1.15 0.08572267
178.92771400 0.95 -2.58916833
181.60258300 0.95 0.08570067
183.87767600 1.10 2.51079367
252.85848000 1.20 -2.58916833
255.58340600 1.20 0.13575767
258.30799000 0.90 2.56034167
260.78289900 0.85 4.98525067
267.40794500 1.20 -2.58916833
