1.66747100 1.15 -2.04331011
4.44227600 0.90 0.48149489
6.81748500 1.20 3.15670389
75.99813800 1.15 -2.04331011
78.72309000 1.20 0.73164189
81.34795700 1.15 3.30650889
150.62030100 1.20 -2.04331011
153.34527000 1.20 0.68165889
156.01983900 0.90 3.05622789
162.47822600 1.15 -2.04331011
165.25283900 0.85 0.43130289
234.02539800 1.05 -2.04331011
236.55039600 1.15 0.58168789
239.27509400 1.00 3.15638589
245.39166000 1.10 -2.04331011
247.96666300 1.20 0.63169289
254.52479200 1.20 -2.04331011
257.09927700 0.80 0.13117489
325.57983300 0.90 -2.04331011
