336.17210100 1.15 -1.98085814
338.59696100 1.10 0.44400186
344.85514300 1.20 -1.98085814
347.78002300 1.20 0.94402186
350.10470900 0.95 3.26870786
352.62986700 1.20 5.79386586
358.70464100 1.20 -1.98085814
361.47955300 1.20 0.79405386
363.90436900 1.10 3.21886986
433.03500000 1.05 -1.98085814
435.45965200 0.80 0.44379386
441.71783100 0.85 -1.98085814
443.99281400 0.95 0.29412486
512.89865200 1.05 -1.98085814
515.62343400 1.00 0.74392386
521.48985600 0.85 -1.98085814
524.16501500 1.15 0.69430086
530.67287500 0.90 -1.98085814
533.29776000 0.90 0.64402686
539.71435100 1.05 -1.98085814
542.23924100 1.00 0.54403186
