273.48234800 1.05 -1.73454995
276.26567200 1.15 1.14877405
282.49849000 0.90 -1.73454995
284.82352500 0.95 0.64048505
353.86250700 0.90 -1.73454995
356.33769400 1.15 0.99063705
363.01238800 1.15 -1.73454995
365.86214600 1.00 0.96520805
372.22039500 1.20 -1.73454995
374.74511900 1.00 0.59017405
381.06142700 0.90 -1.73454995
383.60318600 1.05 0.95720905
386.27823700 1.20 3.78226005
455.10047200 1.05 -1.73454995
457.72545300 1.15 0.99043105
464.15027200 1.20 -1.73454995
467.07514500 1.15 1.14032305
469.60006300 1.20 3.71524105
538.93057700 0.95 -1.73454995
541.50533400 0.80 0.69020705
