266.51603100 1.10 -2.43907965
269.04103300 1.15 0.13592235
338.25470300 0.85 -2.43907965
340.63013000 1.05 0.13634735
343.15453000 0.90 2.51074735
345.62972400 1.15 5.23594135
351.98755500 0.90 -2.43907965
354.41269300 1.10 0.18605835
357.03766200 1.20 2.91102735
425.99315500 1.00 -2.43907965
428.56802100 0.95 0.08578635
435.03453300 1.05 -2.43907965
437.80927200 0.90 0.18565935
440.03420900 0.90 2.41059635
446.34227400 0.90 -2.43907965
448.71722400 0.95 -0.01412965
517.59797800 1.05 -2.43907965
520.22277700 0.90 0.03571935
522.84788900 1.10 2.86083135
525.37265800 0.95 5.23560035
531.53093000 1.15 -2.43907965
534.20561900 0.95 0.03560935
540.81385300 1.10 -2.43907965
