145.83751600 1.10 -1.93812000
148.26248300 1.15 0.53684700
217.60070500 0.95 -1.93812000
219.97624500 0.95 0.43742000
222.40130900 1.10 3.01248400
224.92609100 1.00 5.43726600
231.28413700 0.95 -1.93812000
233.95907600 0.95 0.73681900
302.94820600 1.05 -1.93812000
305.37288500 0.80 0.23655900
374.11222800 1.05 -1.93812000
376.53687800 0.80 0.23653000
445.20968600 1.15 -1.93812000
448.03438700 1.05 0.78658100
517.13197800 1.15 -1.93812000
519.90673900 1.05 0.73664100
526.36481600 1.05 -1.93812000
529.08983800 1.15 0.88690200
531.66473300 1.15 3.46179700
538.42245300 0.80 -1.93812000
540.89780700 1.20 0.93723400
