328.60549200 1.05 -2.50426778
331.28044300 1.05 0.17068322
333.95529400 1.00 2.79553422
336.38005300 0.85 5.07029322
342.85506700 1.10 -2.50426778
345.57978600 0.95 0.07045122
351.68808100 1.10 -2.50426778
354.21288200 1.05 -0.02946678
356.88771600 0.95 2.54536722
359.46290800 1.20 5.37055922
428.30194800 1.10 -2.50426778
431.12670900 1.00 0.22049322
500.31565800 0.80 -2.50426778
502.79054600 0.85 0.02062022
508.65708100 0.90 -2.50426778
511.03227600 1.15 0.12092722
513.60720800 1.20 2.74585922
520.27337600 1.00 -2.50426778
522.94846300 1.15 0.32081922
529.45649300 1.05 -2.50426778
532.13136900 1.05 0.17060822
534.75642200 1.20 2.94566122
541.16438700 1.05 -2.50426778
