1.46774600 0.90 -1.93877617
3.74285500 1.20 0.63633283
10.15079900 1.05 -1.93877617
12.57547400 0.85 0.28589883
18.63391100 1.15 -1.93877617
21.25852000 0.80 0.33583283
23.53364800 1.05 2.86096083
25.95867700 1.15 5.38598983
32.47481400 0.90 -1.93877617
34.94969700 0.85 0.48610683
103.64747100 1.20 -1.93877617
106.47213300 0.95 0.63588583
108.99706200 1.00 3.21081483
178.06955800 1.15 -1.93877617
180.94422800 0.90 0.68589383
187.35228600 0.85 -1.93877617
189.92755500 1.20 0.98649283
196.88530200 0.90 -1.93877617
