334.03861400 1.20 -1.89749671
336.56331900 0.90 0.32720829
338.83829200 1.00 2.70218129
345.35474200 1.00 -1.89749671
347.97979800 1.05 0.77755929
354.38788100 1.15 -1.89749671
357.01271300 1.10 0.67733529
359.83755300 1.00 3.40217529
366.15412200 1.20 -1.89749671
368.82869800 0.85 0.42707929
371.25392700 1.20 3.20230829
377.92840900 1.00 -1.89749671
380.40318400 0.85 0.42727829
448.98414900 1.05 -1.89749671
451.40896800 0.90 0.37732229
519.88983500 1.00 -1.89749671
522.61485700 1.15 0.97752529
529.23122100 1.15 -1.89749671
531.90607000 1.10 0.72735229
534.38086300 0.95 3.05214529
540.88894700 0.95 -1.89749671
