1.67589300 1.10 -1.94341968
4.35118700 1.20 0.83187432
7.19265000 1.10 3.57333732
13.80899900 1.05 -1.94341968
16.38402700 1.15 0.73160832
85.42299500 1.05 -1.94341968
88.05654100 1.00 0.64012632
94.67268500 1.10 -1.94341968
97.29745300 0.95 0.53134832
103.31399100 1.05 -1.94341968
106.08907400 1.20 0.98166332
108.86391400 1.10 3.65650332
177.84444900 0.95 -1.94341968
180.11927100 0.85 0.23140232
182.49458500 1.20 2.95671632
251.62493700 0.85 -1.94341968
254.19989100 0.90 0.68153432
260.61659500 1.15 -1.94341968
263.49125800 0.95 0.73124332
