202.79323300 1.15 -2.50428143
205.41837000 1.15 0.12085557
274.35719500 1.05 -2.50428143
276.73227000 1.20 0.02079357
279.55691700 1.00 2.64544057
282.08167200 0.90 5.07019557
351.20410900 0.95 -2.50428143
353.47923800 1.20 0.02084757
422.76816500 1.15 -2.50428143
425.64312000 1.20 0.42067357
428.31771700 1.00 2.89527057
497.40661900 0.85 -2.50428143
499.98171700 1.05 0.27081657
502.45655300 0.95 2.64565257
509.06460900 0.95 -2.50428143
511.68966800 1.15 0.32077757
514.16467000 1.20 2.84577957
516.98911900 0.80 5.27022857
523.04758200 1.15 -2.50428143
525.62239600 1.05 -0.02946743
532.13045200 1.05 -2.50428143
534.60540200 1.10 0.02066857
541.01355900 1.20 -2.50428143
