331.88839100 1.20 -1.92146068
334.41297100 0.85 0.25311932
336.73792800 0.85 2.57807632
343.19620200 1.20 -1.92146068
345.97101600 1.00 0.65335332
352.13754900 1.15 -1.92146068
354.86228300 0.95 0.60327332
361.12035200 0.95 -1.92146068
363.54516600 0.90 0.45335332
366.07013300 0.90 2.97832032
434.60932800 1.15 -1.92146068
437.48416400 1.10 0.90337532
440.05895300 0.95 3.32816432
509.14777500 0.80 -1.92146068
511.42266100 0.80 0.35342532
513.94775900 1.00 3.07852332
520.21432600 1.15 -1.92146068
522.93923600 1.15 0.80344932
529.44722200 1.05 -1.92146068
532.17228200 1.20 0.95359932
538.38036700 1.20 -1.92146068
540.95494100 0.90 0.35311332
