1.36776500 1.20 -1.94859737
3.94277900 1.10 0.52641663
10.50097400 1.20 -1.94859737
13.17588100 1.20 0.72630963
19.58379000 1.00 -1.94859737
21.95879700 1.15 0.57640963
24.73362000 1.05 3.25123263
31.24186300 1.20 -1.94859737
34.06639000 0.85 0.52592963
36.29127100 0.80 2.70081063
42.45780100 1.10 -1.94859737
44.98262300 0.85 0.32622463
47.35783800 1.15 3.00143963
116.64668800 1.00 -1.94859737
119.07157200 0.80 0.27628663
121.54672700 1.20 3.15144163
128.42131800 1.10 -1.94859737
130.89619300 1.10 0.52627763
199.78526700 1.10 -1.94859737
