1.36779700 0.95 -2.03058258
3.69294700 1.20 0.54456742
10.40920500 1.05 -2.03058258
12.93418800 1.15 0.59440042
19.19219800 1.05 -2.03058258
21.91688900 0.90 0.54410842
28.38336200 0.90 -2.03058258
30.95809000 0.80 0.44414542
99.97251900 1.20 -2.03058258
102.84730200 1.10 0.74420042
105.53064000 1.20 3.52753842
174.56122400 1.15 -2.03058258
177.43587500 0.90 0.59406842
179.66086900 1.00 2.91906242
182.33563600 0.95 5.54382942
251.46668400 1.20 -2.03058258
253.99123500 0.90 0.19396842
322.77193500 0.95 -2.03058258
325.19728900 1.15 0.59477142
