267.61603100 1.10 -2.43907965
270.19103300 1.15 0.13592235
339.10470300 0.85 -2.43907965
341.68013000 1.05 0.13634735
344.05453000 0.90 2.51074735
346.77972400 1.15 5.23594135
352.88755500 0.90 -2.43907965
355.51269300 1.10 0.18605835
358.23766200 1.20 2.91102735
426.99315500 1.00 -2.43907965
429.51802100 0.95 0.08578635
436.08453300 1.05 -2.43907965
438.70927200 0.90 0.18565935
440.93420900 0.90 2.41059635
447.24227400 0.90 -2.43907965
449.66722400 0.95 -0.01412965
518.64797800 1.05 -2.43907965
521.12277700 0.90 0.03571935
523.94788900 1.10 2.86083135
526.32265800 0.95 5.23560035
532.68093000 1.15 -2.43907965
535.15561900 0.95 0.03560935
541.91385300 1.10 -2.43907965
