274.53234800 1.05 -1.73454995
277.41567200 1.15 1.14877405
283.39849000 0.90 -1.73454995
285.77352500 0.95 0.64048505
354.76250700 0.90 -1.73454995
357.48769400 1.15 0.99063705
364.16238800 1.15 -1.73454995
366.86214600 1.00 0.96520805
373.42039500 1.20 -1.73454995
375.74511900 1.00 0.59017405
381.96142700 0.90 -1.73454995
384.65318600 1.05 0.95720905
387.47823700 1.20 3.78226005
456.15047200 1.05 -1.73454995
458.87545300 1.15 0.99043105
465.35027200 1.20 -1.73454995
468.22514500 1.15 1.14032305
470.80006300 1.20 3.71524105
539.88057700 0.95 -1.73454995
542.30533400 0.80 0.69020705
