1.36756200 0.85 -2.52867925
3.89257000 1.00 0.14632875
73.03999500 1.00 -2.52867925
75.41503500 1.20 0.04636075
78.23990000 1.15 2.82122575
81.06467500 1.05 5.54600075
150.20363200 1.00 -2.52867925
152.52877600 1.20 -0.00353525
159.23666000 1.00 -2.52867925
161.76141900 0.90 -0.10392025
230.49240100 1.20 -2.52867925
233.31725200 1.20 0.29617175
235.89193900 0.95 2.62085875
242.00008600 1.00 -2.52867925
244.62489400 0.95 0.04612875
251.23310200 1.00 -2.52867925
253.90814900 1.15 0.29636775
256.58306900 1.20 3.02128775
259.10794000 1.15 5.49615875
266.06561500 0.95 -2.52867925
