328.26344400 1.00 -2.38364152
330.88839300 1.00 0.24130748
333.26343400 1.20 2.81634848
336.13827000 1.05 5.54118448
342.64620400 0.95 -2.38364152
345.32127700 1.10 0.44143148
351.47925900 1.00 -2.38364152
354.05401900 0.85 0.04111848
356.22922500 1.15 2.51632448
358.95411900 1.15 5.24121848
427.99302600 1.05 -2.38364152
430.56802400 1.20 0.34135648
437.27575500 0.80 -2.38364152
439.55094500 1.10 0.19154848
446.05899500 1.05 -2.38364152
448.53399600 1.15 0.19135948
455.09206100 1.15 -2.38364152
457.96689200 1.05 0.39118948
464.42513000 1.20 -2.38364152
467.29978000 0.95 0.24100848
469.92482000 1.15 3.06604848
539.00532000 1.00 -2.38364152
541.53029100 1.05 0.19132948
