1.36774600 0.95 -2.30775350
4.04261800 0.95 0.36711850
6.41769400 1.15 2.94219450
13.18417700 1.20 -2.30775350
15.96737000 1.15 0.42543950
84.93139500 1.15 -2.30775350
87.60588900 0.85 0.06674050
156.34524900 1.15 -2.30775350
159.16995400 1.00 0.36695150
161.89481300 1.00 3.09181050
168.45312200 1.20 -2.30775350
171.37762000 0.80 0.21674450
173.60272700 1.00 2.64185150
176.22762800 1.00 5.26675250
182.38581800 1.10 -2.30775350
185.01077700 1.15 0.36720550
187.48563100 1.10 2.79205950
256.32444000 0.90 -2.30775350
258.54935300 0.90 -0.08284050
265.20737300 0.85 -2.30775350
