330.90493300 1.20 -2.30332473
333.82977300 1.10 0.52151527
336.55452600 1.00 3.14626827
342.91261000 1.00 -2.30332473
345.43752700 1.00 0.22159227
351.64544900 0.85 -2.30332473
354.22039100 0.85 0.27161727
360.77874200 1.10 -2.30332473
363.60369800 1.20 0.62163127
366.42851500 1.15 3.39644827
369.10338500 1.10 6.02131827
438.18371900 0.80 -2.30332473
440.40880000 0.95 0.07175627
443.03386700 1.15 2.89682327
449.49190000 1.05 -2.30332473
452.11670200 1.00 0.27147727
458.62477500 0.95 -2.30332473
461.24957800 0.90 0.27147827
463.67452400 0.90 2.69642427
469.53278300 1.05 -2.30332473
472.15768000 1.05 0.32157227
541.08836600 1.10 -2.30332473
