265.30799700 1.05 -2.51081196
268.08302000 1.15 0.36421104
274.49066500 0.80 -2.51081196
277.01563700 0.80 0.01416004
279.44070500 0.85 2.48922804
348.22987600 1.05 -2.51081196
350.65478900 1.05 -0.08589896
353.27961900 0.95 2.43893104
355.80452000 0.95 4.96383204
362.06273600 1.05 -2.51081196
364.78750900 0.95 0.11396104
367.41267800 1.20 2.98913004
374.27889400 1.00 -2.51081196
376.95378400 1.05 0.21407804
379.72856100 0.90 2.83885504
382.15378000 1.20 5.56407404
388.96993200 0.95 -2.51081196
391.44510100 1.20 0.21435704
460.74207600 0.80 -2.51081196
463.26713400 0.95 0.16424604
531.84801200 1.05 -2.51081196
534.57296700 1.15 0.31414304
541.08091300 1.00 -2.51081196
