141.77091500 1.15 -2.48909135
144.54581000 1.15 0.28580365
147.32042000 0.85 2.76041365
149.69547000 1.00 5.28546365
218.48434600 0.80 -2.48909135
220.85964500 1.20 0.28620765
289.99855300 1.10 -2.48909135
292.42359900 1.20 0.03595465
298.88149600 1.00 -2.48909135
301.25653500 1.15 0.03594765
303.93151300 1.20 2.76092565
373.10341800 0.80 -2.48909135
375.57872300 1.15 0.33621365
378.15336200 0.90 2.66085265
380.67849600 1.15 5.43598665
386.93635800 0.85 -2.48909135
389.16120200 0.80 -0.31424735
457.83390300 1.10 -2.48909135
460.50871000 1.00 0.08571565
462.93377300 1.15 2.66077865
531.98084100 1.05 -2.48909135
534.75573800 0.85 0.08580565
541.46389000 0.90 -2.48909135
