330.50526500 0.80 -2.10939595
332.88039500 1.10 0.56573405
335.45513400 0.90 2.94047305
341.51344500 1.05 -2.10939595
344.13818500 0.90 0.36534405
346.51338000 1.20 3.04053905
349.34643800 1.00 5.67359705
355.90464200 1.15 -2.10939595
358.57938600 1.00 0.41534805
361.30418900 0.90 3.04015105
368.01228200 0.90 -2.10939595
370.33737900 1.10 0.41570105
377.04550200 1.15 -2.10939595
379.62039600 1.10 0.41549805
386.37833700 1.05 -2.10939595
389.05343500 1.20 0.71570205
458.15072300 1.05 -2.10939595
460.82575800 1.15 0.66563905
529.76457200 0.90 -2.10939595
532.03941600 0.80 0.06544805
538.24792400 1.20 -2.10939595
541.12270900 1.10 0.66538905
