1.31783800 1.05 -2.30904932
3.99238600 0.80 0.11549868
10.10085600 1.15 -2.30904932
12.77566100 1.00 0.21575568
15.15064000 1.10 2.69073468
17.82531300 0.85 5.11540768
86.55642800 1.20 -2.30904932
89.08130900 1.20 0.21583168
158.30361400 1.15 -2.30904932
161.07859100 1.15 0.46592768
229.93438800 1.20 -2.30904932
232.80898200 0.90 0.26554468
235.38399200 1.05 2.99055468
238.10889700 1.05 5.71545968
307.14806400 1.15 -2.30904932
310.02275400 1.00 0.41564068
316.58075800 0.80 -2.30904932
318.95584600 1.00 0.26603868
387.98636500 0.80 -2.30904932
