1.71794300 1.15 -2.39751376
4.39246200 0.80 -0.07299476
10.40095900 1.20 -2.39751376
13.17544600 0.80 -0.02302676
81.82314600 1.05 -2.39751376
84.24797800 0.95 -0.07268176
86.82309600 1.20 2.75243624
93.83105000 1.10 -2.39751376
96.30591800 1.05 0.02735424
98.98075100 1.00 2.65218724
101.65586400 1.20 5.52730024
108.46365300 0.90 -2.39751376
110.78870600 1.15 0.17753924
117.29666300 0.90 -2.39751376
119.52180100 1.20 0.12762424
122.09653300 0.95 2.45235624
124.52138300 0.90 4.82720624
193.13574300 1.20 -2.39751376
196.06060900 1.20 0.52735224
264.99952800 0.95 -2.39751376
267.52449900 1.10 0.27745724
