2.72636700 1.15 -2.58443638
4.85079900 0.80 -0.46000438
73.69840800 1.00 -2.58443638
76.07320300 0.85 -0.20964138
78.59847600 1.20 2.31563162
80.92318100 1.00 4.64033662
87.23134100 1.10 -2.58443638
90.00633600 1.15 0.19055862
92.83122600 1.20 3.01544862
95.25590100 0.95 5.44012362
164.13666100 0.95 -2.58443638
166.96165600 1.10 0.24055862
173.66990200 1.20 -2.58443638
176.24468800 1.10 -0.00965038
178.91964100 1.15 2.66530262
185.02750600 0.95 -2.58443638
187.75263700 1.15 0.14069462
190.12737800 1.00 2.51543562
196.38525800 0.80 -2.58443638
199.16039100 1.05 0.19069662
268.14926800 0.85 -2.58443638
