1.56784900 1.00 -2.16835926
4.29291600 1.20 0.75670774
10.95071400 0.90 -2.16835926
13.42559000 0.95 0.35651674
15.70056500 1.00 2.68149174
18.42563200 1.10 5.50655874
24.78363000 1.00 -2.16835926
27.20854500 1.05 0.30655574
95.91425200 1.00 -2.16835926
98.38933300 1.15 0.45672174
100.86428000 1.20 2.98166874
107.57224700 1.10 -2.16835926
110.34707000 1.00 0.50646374
112.87190800 0.95 2.98130174
181.51117900 1.15 -2.16835926
184.08600300 1.10 0.35646474
190.44405500 1.10 -2.16835926
193.21883700 0.95 0.45642274
199.72710000 1.10 -2.16835926
