145.97910500 1.15 -2.21700014
148.50396200 1.05 0.20785686
151.22911900 1.10 2.98301386
153.85362100 0.95 5.45751586
160.26198500 1.20 -2.21700014
163.03664900 1.00 0.35766386
231.71761400 1.20 -2.21700014
234.24241600 1.05 0.15780186
303.27313000 0.90 -2.21700014
305.84796100 1.00 0.45783086
312.60600300 0.90 -2.21700014
315.08077100 0.85 0.20776786
383.61182800 0.90 -2.21700014
386.09483900 0.85 0.21601086
454.96704000 0.80 -2.21700014
457.34248200 1.15 0.50844186
460.21719700 1.00 3.23315686
462.89193900 0.80 5.70789886
531.58113700 0.95 -2.21700014
534.15617900 1.05 0.45804186
540.91439500 1.20 -2.21700014
