2.66764600 0.95 -2.05922937
5.24270000 1.05 0.51582463
7.96775200 1.20 3.24087663
14.27562300 1.00 -2.05922937
17.15067900 1.15 0.81582663
19.77559600 1.20 3.44074363
25.98338900 0.90 -2.05922937
28.40837400 0.95 0.36575563
30.93347100 1.15 2.89085263
37.19124600 0.90 -2.05922937
39.91642000 1.10 0.66594463
46.27422900 0.90 -2.05922937
48.74939300 1.10 0.41593463
55.75753400 1.20 -2.05922937
58.03220100 0.95 0.21543763
60.90734400 1.20 3.09058063
129.50427500 0.80 -2.05922937
132.37956200 1.15 0.81605763
138.33734700 0.85 -2.05922937
