206.43493900 1.05 -2.27153632
208.95988400 1.10 0.30340868
211.78470200 1.00 3.02822668
218.39282500 1.10 -2.27153632
221.21762000 1.05 0.50325868
223.94236300 0.90 3.07800168
226.21736100 0.90 5.35299968
232.27532600 0.80 -2.27153632
234.65037500 0.95 0.25351268
303.13099300 0.85 -2.27153632
305.50581600 0.95 0.20328668
308.08086800 0.95 2.77833868
377.28643800 0.85 -2.27153632
379.86147500 1.05 0.50350068
386.66955300 0.90 -2.27153632
389.29429800 0.90 0.35320868
457.77489300 0.80 -2.27153632
460.25020700 1.20 0.60377768
466.70787300 0.80 -2.27153632
469.03302200 1.05 0.30361268
471.75810300 1.20 3.17869368
541.18868800 1.15 -2.27153632
