265.41571800 0.90 -2.50210265
267.94090500 1.20 0.32308435
337.12988600 1.20 -2.50210265
339.70449200 0.90 -0.22749665
408.24358400 1.00 -2.50210265
410.86848800 1.05 0.17280135
480.04903600 0.95 -2.50210265
482.32406900 1.05 -0.12706965
485.04892700 1.00 2.54778835
487.37399700 1.20 5.07285835
493.88173800 0.85 -2.50210265
496.05699000 1.20 0.02314935
498.88169900 1.00 2.64785835
505.49000900 1.20 -2.50210265
508.16451100 0.85 -0.17760065
514.87268400 0.95 -2.50210265
517.49781100 1.05 0.22302435
520.27266700 1.15 3.09788035
523.14724300 0.80 5.62245635
529.10568300 1.15 -2.50210265
531.98052700 1.15 0.37274135
534.75523400 0.95 2.94744835
541.26342600 1.05 -2.50210265
