0.07708959
0.05740890
0.16568842
0.07890136
0.19678803
0.09266146
0.14223060
0.07545433
0.07487092
0.26522329
0.05373766
0.06411453
0.23489822
0.07392324
0.10430809
0.04298827
0.05491068
0.04798601
0.05256960
0.08618802
0.09535071
0.08190888
0.18262824
0.07818250
0.12673003
0.06779931
0.14445895
0.13514545
0.03860489
0.05651007
0.39674698
0.11922120
0.05496286
0.11007306
0.22173462
0.12340915
0.08719405
0.08237238
0.08570909
0.09660610
0.07525673
0.07757250
0.06939920
0.07771380
0.08986151
0.10381352
0.07978799
0.13666256
0.15088212
0.14878516
0.19844847
0.18162099
0.23208080
0.05221481
0.05748083
0.06211242
0.25736624
0.04212192
