2.82715500 1.20 -1.81942467
5.35425200 1.00 0.70767233
11.71688800 0.85 -1.81942467
14.30211100 1.10 0.76579833
16.77885700 1.15 3.24254433
19.16373000 0.90 5.62741733
25.72663300 1.20 -1.81942467
28.25341700 1.10 0.70735933
34.47433200 0.90 -1.81942467
37.25134200 1.15 0.95758533
106.67399100 1.20 -1.81942467
109.40120800 1.15 0.90779233
178.06487000 0.95 -1.81942467
180.34199100 0.95 0.45769633
186.65466000 0.90 -1.81942467
189.23983600 0.90 0.76575133
258.00370600 1.10 -1.81942467
260.23891100 0.85 0.41578033
