2.67686700 0.95 -2.02191850
4.92877600 0.90 0.22999050
7.56406400 1.00 2.86527850
76.29461600 0.85 -2.02191850
78.98864000 1.15 0.67210550
148.50320600 1.10 -2.02191850
151.13039500 1.15 0.60527050
153.55705200 0.90 3.03192750
160.17831800 1.00 -2.02191850
162.76351100 1.15 0.56327450
165.39863700 0.95 3.19840050
171.56953900 0.95 -2.02191850
174.19635000 1.00 0.60489250
176.68146000 0.90 3.09000250
183.30276900 1.20 -2.02191850
185.67927700 0.80 0.35458950
192.20883000 1.05 -2.02191850
194.58551200 0.80 0.35476350
200.86492800 0.95 -2.02191850
203.49169900 1.00 0.60485250
