268.48647200 1.15 -2.42864704
270.98048500 0.85 0.06536596
273.26505400 0.95 2.34993496
275.90026900 0.90 4.98514996
281.97110000 0.95 -2.42864704
284.84817300 1.20 0.44842596
291.41939500 1.05 -2.42864704
293.59580300 0.85 -0.25223904
295.92238700 0.80 2.07434496
364.74489100 0.85 -2.42864704
367.68087500 1.20 0.50733696
436.80340900 0.90 -2.42864704
439.48065800 1.05 0.24860196
508.69504500 0.90 -2.42864704
511.43080600 1.15 0.30711396
513.85741800 1.00 2.73372596
516.44259100 1.15 5.31889896
523.25566600 1.10 -2.42864704
525.93253900 1.15 0.24822596
532.25358600 1.15 -2.42864704
534.83035300 1.05 0.14811996
537.35705000 0.85 2.67481696
544.12012800 1.00 -2.42864704
