275.57483300 1.10 -1.82511045
278.01015500 0.80 0.61021155
346.87429700 1.05 -1.82511045
349.70174800 1.15 1.00234055
418.82431900 1.15 -1.82511045
421.40154000 1.00 0.75211055
490.37404300 1.15 -1.82511045
493.00120600 0.95 0.80205255
495.67811000 1.20 3.47895655
502.35773200 1.00 -1.82511045
505.18475400 1.20 1.00191155
507.86973400 0.95 3.68689155
514.29096200 0.90 -1.82511045
516.86780400 1.15 0.75173155
523.48074700 1.05 -1.82511045
525.80726900 0.80 0.50141155
528.14233300 0.90 2.83647555
534.51336100 0.95 -1.82511045
537.34037200 1.20 1.00190055
543.15268600 0.80 -1.82511045
