2.71905600 1.00 -1.88637621
5.10407100 1.05 0.49863879
7.53063100 0.85 2.92519879
13.95190400 1.15 -1.88637621
16.32846700 1.05 0.49018679
18.60501500 0.95 2.76673479
25.27635900 1.10 -1.88637621
28.05328100 1.20 0.89054579
34.16579200 1.05 -1.88637621
36.84269300 1.20 0.79052479
43.20531400 0.80 -1.88637621
45.83216800 1.00 0.74047779
48.55907800 1.05 3.46738779
55.52228700 1.15 -1.88637621
58.19909000 1.10 0.79042679
64.72033400 1.20 -1.88637621
67.44716300 1.15 0.84045279
136.78683000 1.20 -1.88637621
139.56364100 1.10 0.89043479
