2.71913800 1.20 -1.86844039
5.59606500 1.15 1.00848661
8.27294500 1.20 3.68536661
14.63561400 1.00 -1.86844039
17.46260900 1.10 0.95855461
86.30148400 0.95 -1.86844039
88.83692100 0.95 0.66699661
94.99946000 0.85 -1.86844039
97.50958000 0.90 0.64167961
100.23646200 1.00 3.36856161
106.94944900 1.10 -1.86844039
109.47617600 1.15 0.65828661
116.23081600 0.90 -1.86844039
118.45734800 0.85 0.35809161
121.18430400 1.15 3.08504761
189.96520200 1.20 -1.86844039
192.35009400 0.90 0.51645161
198.71291700 1.20 -1.86844039
