270.57065700 0.85 -2.33006577
273.30602400 1.10 0.40530123
275.94108200 1.05 3.04035923
278.51789500 1.10 5.61717223
285.33092300 1.05 -2.33006577
287.55740900 0.90 -0.10357977
293.87016700 1.10 -2.33006577
296.59706100 1.10 0.39682823
303.35979200 1.05 -2.33006577
305.53648300 0.85 -0.15337477
308.27186100 1.10 2.58200323
310.70688000 1.10 5.01702223
379.93795300 1.00 -2.33006577
382.51467900 0.85 0.24666023
385.24166100 1.10 2.97364223
391.90456500 0.95 -2.33006577
394.58152900 1.20 0.34689823
464.30492400 1.00 -2.33006577
466.68966300 1.05 0.05467323
473.06062800 1.00 -2.33006577
475.93768000 1.20 0.54698623
544.82677100 1.20 -2.33006577
