2.56903400 1.15 -2.66285345
5.19573400 1.00 -0.03615345
74.15986400 1.00 -2.66285345
76.43654400 0.80 -0.38617345
78.92170600 0.90 2.09898855
85.23433100 1.00 -2.66285345
87.86120700 1.00 -0.03597745
94.22387700 0.85 -2.66285345
96.85918600 1.20 -0.02754445
99.28567000 0.80 2.39893955
168.76712200 1.15 -2.66285345
171.34382700 0.95 -0.08614845
173.77892600 0.95 2.34895055
180.45015500 1.05 -2.66285345
183.03537800 1.15 -0.07763045
185.27014900 0.90 2.15714055
188.52246000 0.90 5.40945155
257.55333700 0.80 -2.66285345
260.28028700 1.00 0.06409655
262.75693400 0.80 2.54074355
265.15033500 0.85 4.93414455
271.92172300 1.15 -2.66285345
