271.17992000 1.20 -2.13495245
273.86552400 1.10 0.55065155
276.60066500 1.05 3.28579255
278.88565000 0.95 5.57077755
285.69868100 1.20 -2.13495245
288.37563000 1.20 0.54199655
295.03852600 1.05 -2.13495245
297.92388800 1.15 0.75040955
366.79616600 1.15 -2.13495245
369.37339300 1.05 0.44227455
438.73772500 1.15 -2.13495245
441.57349900 1.20 0.70082155
443.90008900 1.00 3.02741155
450.12945200 1.10 -2.13495245
452.55603700 0.85 0.29163255
454.93274700 1.00 2.66834255
524.24703700 1.00 -2.13495245
526.92429300 1.15 0.54230355
532.83671100 0.90 -2.13495245
535.56365300 1.15 0.59198955
541.53431600 0.90 -2.13495245
543.91943700 1.05 0.25016855
