2.58527400 1.10 -1.97740433
5.46266300 1.15 0.89998467
11.68363200 0.85 -1.97740433
14.51894100 1.15 0.85790467
20.78163500 1.15 -1.97740433
23.20812000 0.95 0.44908067
92.53093700 1.15 -1.97740433
95.10818900 1.10 0.59984767
97.73453800 0.90 3.22619667
104.30609200 0.95 -1.97740433
107.19150300 1.20 0.90800667
176.16374900 0.95 -1.97740433
178.54082700 0.90 0.39967367
180.96750000 0.85 2.82634667
183.39418800 0.85 5.25303467
190.21568500 1.20 -1.97740433
192.59224800 1.05 0.39915867
261.30611900 1.05 -1.97740433
