333.20632500 1.20 -2.00144118
335.88354900 1.10 0.67578282
342.50482600 1.15 -2.00144118
344.78134200 0.95 0.27507482
413.43679800 0.80 -2.00144118
415.56376300 0.80 0.12552382
418.14052500 0.85 2.70228582
424.97038500 1.20 -2.00144118
427.29688700 0.85 0.32506082
429.73190000 0.80 2.76007382
432.26709100 1.05 5.29526482
438.73817200 1.15 -2.00144118
441.02303200 0.85 0.28341882
443.90010300 1.20 3.16048982
512.92255800 1.05 -2.00144118
515.39970100 0.95 0.47570182
522.06270600 1.10 -2.00144118
524.58929900 0.85 0.52515182
531.15235100 1.20 -2.00144118
533.88756000 1.05 0.73376782
540.50049500 1.10 -2.00144118
543.17731000 1.10 0.67537382
