2.77698500 1.05 -2.41367971
5.40425800 1.20 0.21359329
7.78077200 0.85 2.59010729
14.04342900 0.90 -2.41367971
16.72034800 1.10 0.26323929
86.13479600 1.15 -2.41367971
88.97046500 1.15 0.42198929
95.75028600 1.20 -2.41367971
98.42702300 0.95 0.26305729
105.05669000 1.10 -2.41367971
107.98373800 1.20 0.51336829
110.51046600 1.00 3.04009629
116.93148000 0.80 -2.41367971
119.55845200 1.20 0.21329229
122.34365800 1.05 2.99849829
124.87033000 0.80 5.52517029
193.93458000 1.10 -2.41367971
196.61184400 1.15 0.26358429
199.48884600 1.15 3.14058629
205.50963200 0.90 -2.41367971
207.78616700 0.95 -0.13714471
