2.47690700 1.15 -1.99268537
4.80378100 0.95 0.33418863
73.92642500 1.05 -1.99268537
76.36190200 1.10 0.44279163
82.78298500 0.85 -1.99268537
85.41822300 1.15 0.64255263
92.33129300 1.05 -1.99268537
94.61612100 0.90 0.29214263
97.35150000 1.20 3.02752163
104.23129200 1.20 -1.99268537
106.66629200 1.05 0.44231463
109.60168100 1.20 3.37770363
112.03658100 0.90 5.81260363
118.69959900 1.20 -1.99268537
121.32643400 1.20 0.63414963
190.64910500 1.15 -1.99268537
193.33466400 1.00 0.69287363
262.44887000 1.00 -1.99268537
264.68419600 0.90 0.24264063
