2.67700100 1.00 -2.34182367
5.36265000 0.95 0.34382533
7.83929900 0.85 2.82047433
77.21214100 1.15 -2.34182367
80.13955500 1.20 0.58559033
82.31596200 0.85 2.76199733
88.53685900 0.85 -2.34182367
91.07204400 0.90 0.19336133
159.88566000 1.15 -2.34182367
162.52120500 1.10 0.29372133
168.99227000 1.05 -2.34182367
171.41886800 1.00 0.08477433
173.84549400 0.80 2.51140033
176.52235700 1.00 5.18826333
182.94335000 1.10 -2.34182367
185.62029600 1.00 0.33512233
254.99217600 1.05 -2.34182367
257.62775000 1.10 0.29375033
260.41299200 1.10 3.07899233
266.33356800 0.85 -2.34182367
268.91870800 1.00 0.24331633
