2.57683600 0.95 -2.03086942
5.16234300 1.00 0.55463758
7.84756200 0.95 3.23985658
77.22863500 1.15 -2.03086942
79.60555900 0.85 0.34605458
82.09068000 0.80 2.83117558
88.36173300 1.15 -2.03086942
90.73803200 1.00 0.34542958
93.11503700 1.00 2.72243458
161.98747900 1.20 -2.03086942
164.77314500 1.15 0.75479658
171.40271900 1.15 -2.03086942
173.98781200 0.95 0.55422358
176.87320300 1.20 3.43961458
183.69454200 1.05 -2.03086942
186.47988300 1.20 0.75447158
193.20958300 1.15 -2.03086942
195.94471300 1.10 0.70426058
202.60774100 1.15 -2.03086942
