2.62696900 0.90 -2.24076650
5.20415300 0.90 0.33641750
11.76701200 1.00 -2.24076650
14.29381900 1.00 0.28604050
20.55653300 1.10 -2.24076650
23.13325100 1.05 0.33595150
26.06037300 1.20 3.26307350
32.62312400 1.00 -2.24076650
35.25001300 1.00 0.38612250
38.17712100 1.20 3.31323050
44.43967000 0.80 -2.24076650
47.06652400 1.00 0.38608750
49.74343200 1.05 3.06299550
52.32022500 1.05 5.63978850
59.08317600 1.00 -2.24076650
61.61834700 0.95 0.29440450
68.03943200 0.90 -2.24076650
70.61621600 0.90 0.33601750
76.98730800 1.10 -2.24076650
79.51407700 1.00 0.28600250
