147.26896200 1.20 -2.16953676
150.04623500 1.05 0.60773624
219.21047000 1.20 -2.16953676
221.84599700 0.95 0.46599024
224.48121000 1.00 3.10120324
293.94567900 1.15 -2.16953676
296.33096000 0.80 0.21574424
302.49362500 1.10 -2.16953676
305.07040900 1.00 0.40724724
373.93439600 1.10 -2.16953676
376.86191900 1.20 0.75798624
379.59715700 1.10 3.49322424
382.02381500 1.10 5.91988224
451.24643700 1.15 -2.16953676
453.72356000 1.10 0.30758624
522.94603400 1.00 -2.16953676
525.72349000 1.20 0.60791924
532.14460800 1.05 -2.16953676
534.87145600 1.00 0.55731124
537.39814500 0.80 3.08400024
543.51076800 0.95 -2.16953676
