2.57694400 0.85 -2.50341171
5.40433300 1.10 0.32397729
74.67689100 1.05 -2.50341171
77.10396300 0.95 -0.07633971
83.71696100 1.15 -2.50341171
86.24362500 0.95 0.02325229
88.92052300 1.05 2.70015029
91.39717600 0.85 5.17680329
160.36131500 1.10 -2.50341171
162.68828400 0.95 -0.17644271
165.21498000 1.20 2.35025329
234.43764900 1.20 -2.50341171
237.26489400 1.15 0.32383329
239.74171100 1.10 2.80065029
246.52135300 1.15 -2.50341171
249.10654900 1.00 0.08178429
256.01966500 1.15 -2.50341171
258.14604200 0.80 -0.37703471
260.57281700 1.10 2.04974029
263.34974300 1.05 4.82666629
269.87081700 0.85 -2.50341171
