2.37680300 0.95 -1.90742861
5.05407700 1.00 0.76984539
11.23338600 1.10 -1.90742861
14.11878000 1.20 0.97796539
16.74550300 1.05 3.60468839
23.64203200 1.20 -1.90742861
26.36879400 1.00 0.81933339
28.69542500 0.90 3.14596439
97.91797700 0.85 -1.90742861
100.20339200 0.95 0.37798639
169.48428300 1.00 -1.90742861
172.41182800 1.20 1.02011639
241.62611500 1.20 -1.90742861
244.15326700 1.20 0.61972339
250.51590200 0.85 -1.90742861
253.09263800 0.90 0.66930739
255.67782900 0.90 3.25449839
261.94045700 0.85 -1.90742861
