2.81914800 1.10 -2.23880884
5.14565100 0.85 0.08769416
11.55846200 0.90 -2.23880884
14.48525500 1.20 0.68798416
20.94835100 1.05 -2.23880884
23.77532300 1.15 0.58816316
26.31039800 0.80 3.12323816
95.40821900 1.10 -2.23880884
98.18513900 1.05 0.53811116
104.64785900 0.80 -2.23880884
107.47495500 1.20 0.58828716
110.10169400 0.95 3.21502616
116.77310900 1.20 -2.23880884
119.29973800 1.05 0.28782016
121.97661000 1.10 2.96469216
124.45329100 1.05 5.44137316
130.41568900 0.80 -2.23880884
133.04257900 0.95 0.38808116
201.72342800 1.10 -2.23880884
