2.66902900 0.95 -1.68682572
5.14576500 1.05 0.78991028
11.70862500 1.05 -1.68682572
14.43554900 1.20 1.04009828
83.23297400 0.80 -1.68682572
85.51792000 0.80 0.59812028
87.89453600 0.90 2.97473628
94.30736900 1.10 -1.68682572
97.18436800 1.15 1.19017328
103.84723100 0.90 -1.68682572
106.57416000 1.00 1.04010328
175.57186800 1.15 -1.68682572
178.19870100 1.15 0.94000728
247.32144000 1.15 -1.68682572
249.75643100 0.80 0.74816528
252.64186700 1.20 3.63360128
258.65419300 0.90 -1.68682572
260.88070900 0.85 0.53969028
