203.93484700 0.90 -2.41072770
206.75995200 1.10 0.41437730
209.23458100 0.85 2.88900630
215.94302000 1.20 -2.41072770
218.46751400 0.80 0.11376630
220.94239800 0.80 2.58865030
223.16747100 0.90 4.81372330
229.52538000 0.80 -2.41072770
232.10042100 0.90 0.16431330
301.07278900 0.95 -2.41072770
303.39763200 0.85 -0.08588470
305.77261200 0.95 2.28909530
308.29765800 1.05 4.81414130
377.42836200 1.15 -2.41072770
380.20317100 1.05 0.36408130
448.98366900 0.90 -2.41072770
451.50885300 1.15 0.11445630
520.63956000 1.20 -2.41072770
523.31427100 1.00 0.26398330
526.08927100 1.15 3.03898330
532.79740700 1.10 -2.41072770
535.12199100 0.90 -0.08614370
541.83019200 1.00 -2.41072770
