393.90267900 1.15 -2.31021564
396.72751500 1.10 0.51462036
402.73544200 0.95 -2.31021564
405.36048700 1.10 0.31482936
411.61835800 0.85 -2.31021564
414.39347100 1.10 0.46489736
417.11843500 1.20 3.18986136
423.92632500 1.00 -2.31021564
426.65139100 1.15 0.41485036
429.17617200 1.05 2.93963136
431.70095000 0.90 5.46440936
500.78997600 0.95 -2.31021564
503.46487200 0.95 0.36468036
506.13996300 1.15 3.03977136
512.59798000 1.10 -2.31021564
515.37291100 1.10 0.46471536
521.63099500 1.15 -2.31021564
524.25598000 1.20 0.31476936
530.86363900 0.80 -2.31021564
533.48887900 1.15 0.31502436
536.16373500 1.10 2.98988036
542.47157700 0.85 -2.31021564
