207.70266800 1.10 -2.20455109
210.14594900 1.00 0.23872991
216.43368600 1.00 -2.20455109
219.31068100 1.15 0.67244391
225.97364300 1.20 -2.20455109
228.50027700 0.90 0.32208291
230.72681400 0.90 2.54861991
300.05804100 1.00 -2.20455109
302.58477100 0.90 0.32217891
305.16159200 0.95 2.89899991
311.09061100 0.80 -2.20455109
313.76753200 0.95 0.47236991
382.76517100 0.90 -2.20455109
385.45047200 1.15 0.48074991
454.42306700 1.00 -2.20455109
456.89965300 0.80 0.27203491
459.67673700 1.15 3.04911891
528.66601500 1.00 -2.20455109
531.09266600 0.90 0.22209991
533.72791700 1.10 2.85735091
536.35474600 1.20 5.48417991
542.71731800 0.80 -2.20455109
