204.76851300 1.15 -2.44986191
207.44337400 1.20 0.22499909
210.11815500 1.10 2.89978009
212.54302500 1.05 5.32465009
219.10127400 1.20 -2.44986191
221.57593200 1.00 0.02479609
224.20095500 1.10 2.64981909
230.85887800 0.95 -2.44986191
233.58395900 1.15 0.27521909
302.61468300 1.20 -2.44986191
305.38954500 1.15 0.32500009
307.51408500 0.80 2.44954009
310.13909200 0.90 5.07454709
316.39717400 0.90 -2.44986191
319.07226800 1.10 0.22523209
387.69432600 0.80 -2.44986191
390.16940700 1.00 0.02521909
459.05821900 0.80 -2.44986191
461.63349500 1.20 0.12541409
530.95585900 1.20 -2.44986191
533.28054300 1.00 -0.12517791
535.95544000 1.00 2.54971909
542.41332400 0.80 -2.44986191
