2.31748500 0.85 -2.25825367
4.74245200 0.80 0.16671333
11.30084900 1.10 -2.25825367
13.77569900 1.10 0.21659633
16.15062700 1.05 2.59152433
22.15856900 0.90 -2.25825367
24.68348600 0.95 0.26666333
30.94171100 1.05 -2.25825367
33.36635400 0.85 0.16638933
36.04136800 0.95 2.84140333
42.89947400 1.10 -2.25825367
45.42427900 0.85 0.26655133
47.54916900 0.80 2.39144133
50.02409000 0.85 4.86636233
119.01304800 0.90 -2.25825367
121.78831700 1.20 0.51701533
124.31318100 1.15 3.04187933
193.33551300 1.20 -2.25825367
195.91048800 1.20 0.31672133
202.41833400 1.00 -2.25825367
205.09335600 1.20 0.41676833
