326.48039300 1.20 -2.34572792
329.10510000 1.05 0.27897908
331.52977600 0.80 2.70365508
400.31076900 1.10 -2.34572792
402.58548600 0.85 -0.07101092
471.42446300 0.85 -2.34572792
474.24965000 1.10 0.47945908
476.82449100 1.05 3.05430008
482.93254900 1.00 -2.34572792
485.50752800 1.15 0.22925108
488.28243100 1.15 3.00415408
494.74063400 1.20 -2.34572792
497.41525100 0.95 0.32888908
504.37361200 1.20 -2.34572792
506.69811200 0.80 -0.02122792
509.22325400 1.05 2.50391408
511.79827600 1.15 5.07893608
518.50624500 1.05 -2.34572792
521.23127200 1.20 0.37929908
527.98903900 0.90 -2.34572792
530.51418700 1.10 0.17942008
532.88884500 0.90 2.55407808
539.59698000 0.95 -2.34572792
542.37216300 1.20 0.42945508
