210.58771100 1.05 -1.81041043
213.16444400 0.90 0.76632257
219.57727500 1.05 -1.81041043
222.00392500 1.05 0.61623957
224.58069300 1.00 3.19300757
293.23646400 1.00 -1.81041043
295.91326000 1.00 0.86638557
364.47727100 0.90 -1.81041043
367.41281300 1.20 1.12513157
374.37589300 1.05 -1.81041043
376.65236300 0.80 0.46605957
379.02906600 1.00 2.84276257
447.96010200 1.20 -1.81041043
450.48677600 1.05 0.71626357
456.59928900 0.95 -1.81041043
459.12610500 1.15 0.71640557
528.20687900 1.10 -1.81041043
530.78395000 1.15 0.76666057
533.66091900 1.20 3.64362957
540.32360500 1.10 -1.81041043
542.70884100 0.95 0.57482557
