326.93525900 1.20 -2.48412746
329.72092700 1.20 0.30154054
332.25593100 0.90 2.83654454
339.02738100 1.15 -2.48412746
341.46228700 0.80 -0.04922146
410.33468700 0.90 -2.48412746
412.71170000 0.85 -0.10711446
415.49714600 1.20 2.67833154
418.28236000 1.20 5.46354554
425.14545200 1.15 -2.48412746
427.72222400 1.15 0.09264454
430.50740100 1.05 2.87782154
432.88405200 0.80 5.25447254
439.44693600 0.80 -2.48412746
442.18228300 1.20 0.25121954
448.79511000 0.90 -2.48412746
451.28020900 0.95 0.00097154
520.45281400 1.10 -2.48412746
522.97992500 0.95 0.04298354
525.55675100 1.15 2.61980954
532.01954600 1.10 -2.48412746
534.69645300 1.20 0.19277954
541.05917600 1.00 -2.48412746
543.44412200 0.85 -0.09918146
