212.86457900 1.15 -1.97191240
215.55016400 1.15 0.71367260
284.46424300 1.05 -1.97191240
286.69953400 0.80 0.26337860
355.67194800 0.80 -1.97191240
358.34927400 1.00 0.70541360
365.31248400 1.10 -1.97191240
368.03934000 1.10 0.75494360
370.81625300 1.10 3.53185660
439.83036600 0.90 -1.97191240
442.45776700 1.20 0.65548860
449.07024500 1.10 -1.97191240
451.84754600 1.10 0.80538860
457.90994700 0.80 -1.97191240
460.53694900 1.20 0.65508960
463.17206600 0.90 3.29020660
465.64872800 0.90 5.76686860
471.96975600 0.80 -1.97191240
474.54657300 1.10 0.60490460
543.85263600 1.00 -1.97191240
