2.61781600 1.05 -2.28240965
4.79244100 0.85 -0.10778465
7.36770700 1.15 2.46748135
13.67544700 0.80 -2.28240965
16.35070700 1.20 0.39285035
18.82553200 1.10 2.86767535
25.03347000 0.95 -2.28240965
27.45843100 1.00 0.14255135
34.21700400 1.20 -2.28240965
36.69156900 1.15 0.19215535
105.49708300 0.95 -2.28240965
108.37219800 1.20 0.59270535
110.79671600 0.80 3.01722335
113.17165500 0.85 5.39216235
181.85238500 0.85 -2.28240965
184.47733700 0.95 0.34254235
186.80209100 0.80 2.66729635
193.71054700 1.15 -2.28240965
196.28537500 1.05 0.29241835
265.48282300 1.20 -2.28240965
