2.86920300 1.15 -2.35160760
5.04554800 0.80 -0.17526260
7.67242600 1.05 2.45161540
14.13524200 1.05 -2.35160760
16.81216600 1.20 0.32531640
19.43890500 1.00 2.95205540
88.53670800 1.20 -2.35160760
91.37206100 1.20 0.48374540
93.99871100 0.95 3.11039540
96.57554500 1.05 5.68722940
102.94667200 1.15 -2.35160760
105.82364300 1.20 0.52536340
111.94454100 0.95 -2.35160760
114.57971700 1.00 0.28356840
183.66916300 1.20 -2.35160760
186.14578200 1.10 0.12501140
192.40844600 1.15 -2.35160760
194.94358500 1.15 0.18353140
197.62034500 1.00 2.86029140
203.98300500 1.00 -2.35160760
