2.62699500 1.20 -2.12220526
4.91224500 0.95 0.16304474
73.98479600 0.95 -2.12220526
76.77050200 1.05 0.66350074
83.18326100 0.90 -2.12220526
85.51823300 0.80 0.21276674
154.93278700 1.20 -2.12220526
157.21797100 0.90 0.16297874
159.59466900 1.00 2.53967674
166.27434100 1.10 -2.12220526
168.75942000 0.95 0.36287374
171.53629900 1.05 3.13975274
174.42169300 1.15 6.02514674
243.32737300 0.90 -2.12220526
245.71283400 0.85 0.26325574
248.48977900 1.20 3.04020074
254.66911400 1.05 -2.12220526
257.19576400 0.95 0.40444474
263.85881800 1.20 -2.12220526
