271.86586900 1.20 -1.99040467
274.69073400 1.15 0.83446033
277.11562400 1.10 3.25935033
279.79046600 1.00 5.93419233
286.40642100 0.80 -1.99040467
289.08193600 1.20 0.68511033
358.31259700 1.20 -1.99040467
360.98747000 1.20 0.68446833
429.72616800 0.90 -1.99040467
432.40125800 1.05 0.68468533
434.82587600 0.80 3.10930333
503.44013600 1.05 -1.99040467
505.91477300 0.80 0.48423233
512.77323400 1.20 -1.99040467
515.49813800 1.20 0.73449933
521.90593600 0.90 -1.99040467
524.43099500 1.05 0.53465433
530.78924000 1.20 -1.99040467
533.21397900 1.00 0.43433433
539.92219700 1.15 -1.99040467
542.44695300 1.00 0.53435133
