2.51878800 1.15 -2.48588200
4.94558400 0.90 -0.05908600
11.76708000 1.20 -2.48588200
14.49385600 1.15 0.24089400
16.87047000 1.00 2.61750800
19.29715800 1.00 5.04419600
26.21866300 1.20 -2.48588200
28.69531900 1.10 -0.00922600
34.90800700 1.20 -2.48588200
37.38460800 0.90 -0.00928100
40.06153300 1.05 2.66764400
108.75903500 1.10 -2.48588200
111.63599800 1.20 0.39108100
117.84847400 0.80 -2.48588200
120.72562200 1.20 0.39126600
123.10215800 0.85 2.76780200
125.83751000 1.20 5.50315400
131.89993600 0.95 -2.48588200
134.72692200 1.15 0.34110400
204.03307900 1.15 -2.48588200
