209.90110600 1.00 -1.98332657
212.37621800 0.95 0.49178543
214.75094500 1.00 2.86651243
221.25889600 0.90 -1.98332657
223.83385000 0.95 0.59162743
230.39203000 1.10 -1.98332657
233.06707700 1.20 0.69172043
302.35599600 1.15 -1.98332657
305.03091500 1.15 0.69159243
307.55567500 1.05 3.21635243
376.57801700 1.05 -1.98332657
379.25303200 1.15 0.69168843
381.62780700 1.00 3.06646343
450.00831200 0.85 -1.98332657
452.88351700 1.15 0.89187843
459.34123500 0.80 -1.98332657
462.21653800 1.20 0.89197643
464.44110800 0.80 3.11654643
532.87179800 0.90 -1.98332657
535.49692000 1.05 0.64179543
542.46322900 1.05 -1.98332657
