2.31866900 0.95 -1.98286556
4.54529400 0.90 0.24375944
73.79321600 1.15 -1.98286556
76.21982800 1.00 0.44374644
78.75498300 1.00 2.97890144
85.31782500 1.10 -1.98286556
88.04469700 1.10 0.74400644
156.72542500 0.80 -1.98286556
159.41073500 1.05 0.70244444
165.62331100 1.10 -1.98286556
168.04998600 1.05 0.44380944
175.02146100 1.05 -1.98286556
177.59828000 1.20 0.59395344
246.72930100 1.05 -1.98286556
249.30606500 0.95 0.59389844
251.98302300 1.10 3.27085644
254.55971500 1.00 5.84754844
261.27269500 1.05 -1.98286556
