267.68541900 1.10 -2.18411078
269.96185200 0.95 0.09232222
276.23299500 1.00 -2.18411078
278.66802900 1.00 0.25092322
281.24469500 1.05 2.82758922
287.95770000 1.15 -2.18411078
290.48432600 0.80 0.34251522
296.85554800 1.15 -2.18411078
299.34080900 1.10 0.30115022
368.52169800 1.10 -2.18411078
370.84821900 0.80 0.14241022
373.37503000 0.95 2.66922122
376.20206800 1.20 5.49625922
444.99126500 1.10 -2.18411078
447.36773700 1.00 0.19236122
454.13086000 1.20 -2.18411078
456.51587400 1.05 0.20090322
458.95087800 1.00 2.63590722
527.48142000 0.85 -2.18411078
530.30846300 1.20 0.64293222
532.83516400 1.05 3.16963322
539.39808800 1.20 -2.18411078
542.27506800 1.20 0.69286922
