2.81912700 1.10 -2.03517853
5.09562700 0.85 0.24132147
74.24343600 0.95 -2.03517853
76.87028400 1.10 0.59166947
79.44700500 1.00 3.16839047
86.16843800 1.10 -2.03517853
88.60342100 0.95 0.39980447
91.48041500 1.20 3.27679847
97.90141300 0.85 -2.03517853
100.52825000 0.95 0.59165847
103.00494000 0.80 3.06834847
108.96739500 0.90 -2.03517853
111.84447600 1.20 0.84190247
118.20712800 0.95 -2.03517853
120.73394800 1.15 0.49164147
189.51476400 1.20 -2.03517853
192.09150400 1.05 0.54156147
194.61827400 1.10 3.06833147
263.59088600 1.05 -2.03517853
