143.21617700 0.90 -2.25137370
145.60164400 1.00 0.13409330
152.02273900 0.90 -2.25137370
154.74965100 1.10 0.47553830
157.28468800 0.90 3.01057530
226.29888400 1.05 -2.25137370
229.02624200 1.20 0.47598430
231.60301300 1.10 3.05275530
234.17973600 0.95 5.62947830
303.05215900 1.05 -2.25137370
305.57927000 0.80 0.27573730
311.94207400 1.15 -2.25137370
314.51877700 0.95 0.32532930
383.69140000 0.95 -2.25137370
386.37703000 0.95 0.43425630
388.86217100 1.10 2.91939730
395.08294700 0.95 -2.25137370
397.60979000 1.00 0.27546930
400.18661300 1.00 2.85229230
469.00057800 0.90 -2.25137370
471.47769200 0.90 0.22574030
540.45016700 1.05 -2.25137370
542.87725700 0.95 0.17571630
