2.67706000 1.15 -2.12570821
5.25415700 1.10 0.45138879
12.17566500 1.05 -2.12570821
14.66069600 1.00 0.35932279
84.03342900 1.10 -2.12570821
86.66061900 1.05 0.50148179
89.18733700 0.95 3.02819979
158.35168600 1.15 -2.12570821
161.22895500 1.15 0.75156079
230.34320600 1.10 -2.12570821
232.77023100 0.90 0.30131679
235.20528600 0.90 2.73637179
237.59024100 0.95 5.12132679
244.31999600 1.20 -2.12570821
247.00519000 1.20 0.55948579
249.38998000 0.85 2.94427579
255.91127000 0.85 -2.12570821
258.28791300 0.85 0.25093479
264.40891700 1.15 -2.12570821
