331.21355000 1.15 -2.32033923
334.03840000 1.10 0.50451077
340.14622300 0.80 -2.32033923
342.72127100 0.85 0.25470877
349.22940600 1.00 -2.32033923
351.55414800 0.90 0.00440277
421.04351600 1.20 -2.32033923
423.56812400 0.95 0.20426877
430.37641300 1.10 -2.32033923
433.20126300 1.10 0.50451077
502.08190100 1.05 -2.32033923
504.50672400 0.95 0.10448377
506.78161900 0.95 2.37937877
509.45677500 1.20 5.05453477
516.01457200 0.95 -2.32033923
518.63943900 0.90 0.30452777
521.26435500 0.90 2.92944377
527.42259200 1.00 -2.32033923
530.09760700 1.15 0.35467577
532.52214200 0.80 2.77921077
535.24732700 1.10 5.50439577
541.95531300 1.00 -2.32033923
