209.99795600 0.90 -2.08738795
212.67659200 1.05 0.59124805
215.40525600 1.20 3.31991205
217.83375900 0.95 5.74841505
224.40946800 1.05 -2.08738795
227.13808000 1.10 0.64122405
295.99992100 1.00 -2.08738795
298.52836100 1.15 0.44105205
305.14585500 1.05 -2.08738795
307.62423600 1.05 0.39099305
376.57774000 1.05 -2.08738795
379.00622300 0.85 0.34109505
381.58462400 1.20 2.91949605
450.25442400 1.10 -2.08738795
452.83301200 1.00 0.49120005
521.90332200 1.05 -2.08738795
524.38174800 1.00 0.39103805
527.16049500 1.20 3.16978505
533.62777400 1.00 -2.08738795
536.05619500 0.95 0.34103305
542.57352100 1.00 -2.08738795
