334.50302000 0.95 -1.91539395
336.88125600 1.00 0.46284205
343.69894100 1.15 -1.91539395
346.12748900 0.85 0.51315405
414.89729700 0.95 -1.91539395
417.12541900 0.90 0.31272805
423.94302200 1.20 -1.91539395
426.27119200 0.85 0.41277605
429.15026400 1.15 3.29184805
435.66770400 0.85 -1.91539395
438.23819300 0.85 0.65509505
440.66627400 0.90 3.08317605
443.19465800 1.10 5.61156005
449.86224400 1.00 -1.91539395
452.44082700 0.90 0.66318905
521.14390800 1.05 -1.91539395
523.91488400 1.10 0.85558205
530.48176300 1.05 -1.91539395
532.96031100 0.85 0.56315405
539.52755500 1.15 -1.91539395
542.25639000 1.05 0.81344105
