212.40103700 1.20 -1.69856955
215.17998800 1.05 1.08038145
221.64722300 0.95 -1.69856955
224.42598400 1.10 1.08019145
293.89685400 1.20 -1.69856955
296.82587700 1.20 1.23045345
365.78787300 0.90 -1.69856955
368.71676000 1.20 1.23031745
437.77881500 0.95 -1.69856955
440.30718000 1.20 0.82979545
442.58547300 0.95 3.10808845
448.80234700 1.00 -1.69856955
451.43095200 0.90 0.93003545
457.64008500 0.95 -1.69856955
460.26817400 1.00 0.92951945
466.63515900 1.15 -1.69856955
469.11376100 0.90 0.78003245
471.59201700 1.10 3.25828845
540.35365800 0.95 -1.69856955
542.88225000 0.80 0.83002245
