215.50133200 0.90 -1.67455632
218.32648400 1.10 1.15059568
287.06532200 0.95 -1.67455632
289.74028600 1.00 1.00040768
359.12932600 1.15 -1.67455632
361.86271200 1.10 1.05882968
364.38744800 0.95 3.58356568
370.60375600 0.85 -1.67455632
372.92879500 0.95 0.65048268
441.56777100 0.85 -1.67455632
444.34291900 1.10 1.10059168
447.11774800 1.05 3.87542068
453.42590000 1.10 -1.67455632
455.90062600 0.90 0.80016968
462.25891800 1.10 -1.67455632
464.63365500 0.95 0.70018068
533.22250500 0.80 -1.67455632
536.04782400 1.15 1.15076268
542.50557400 0.80 -1.67455632
