207.11800800 0.90 -2.05226664
209.54306800 1.05 0.37279336
278.82311300 1.10 -2.05226664
281.39885800 1.20 0.52347836
283.97349400 0.95 3.09811436
286.79857300 1.10 5.92319336
293.40654500 1.00 -2.05226664
296.03166900 1.20 0.57285736
298.25622200 0.85 2.79741036
304.66447200 1.10 -2.05226664
307.28921500 0.90 0.57247636
376.27851100 1.10 -2.05226664
378.75325500 0.90 0.42247736
385.31154900 1.15 -2.05226664
387.98638200 1.10 0.62256636
394.39442100 1.00 -2.05226664
396.71929100 1.00 0.27260336
465.55845600 1.10 -2.05226664
467.68311200 0.80 0.07238936
470.15802000 0.85 2.54729736
539.19731000 1.05 -2.05226664
541.92231900 1.15 0.67274236
