2.47691700 0.95 -2.05810911
4.90392800 0.80 0.36890189
7.53078200 1.00 2.99575589
76.59497500 1.20 -2.05810911
79.27224500 1.10 0.61916089
85.48483900 1.00 -2.05810911
88.16178000 1.20 0.61883189
94.83307200 1.20 -2.05810911
97.41813600 0.95 0.52695489
104.48140000 1.20 -2.05810911
107.20826200 1.10 0.66875289
109.74329400 0.80 3.20378489
112.62869700 1.15 6.08918789
182.09315200 1.20 -2.05810911
184.52018800 1.10 0.36892689
253.72594800 0.80 -2.05810911
256.21149700 0.90 0.42743989
262.58259400 0.95 -2.05810911
265.21787800 1.20 0.57717489
