335.73283500 0.95 -1.98795324
338.41857500 1.00 0.69778676
344.93978600 1.20 -1.98795324
347.62493300 1.00 0.69719376
350.31015300 1.20 3.38241376
353.18707700 1.20 6.25933776
359.96690000 1.20 -1.98795324
362.75209600 1.15 0.79724276
369.41499500 1.00 -1.98795324
371.84163900 0.85 0.43869076
377.70402300 0.80 -1.98795324
380.23088100 1.00 0.53890476
386.30170900 0.90 -1.98795324
388.72839800 1.00 0.43873576
391.30514900 0.90 3.01548676
460.46932700 0.95 -1.98795324
462.90485900 0.95 0.44757876
531.87718400 0.80 -1.98795324
534.45448000 1.15 0.58934276
540.91721900 0.80 -1.98795324
543.49403700 0.85 0.58886476
