2.57696300 1.10 -2.10278125
5.15409200 1.00 0.47434775
7.48901100 0.90 2.80926675
14.05183900 0.80 -2.10278125
16.57868200 1.05 0.42406175
19.25556900 1.15 3.10094875
25.81840300 0.95 -2.10278125
28.44520700 1.05 0.52402275
31.27225400 1.20 3.35106975
37.64322200 0.95 -2.10278125
40.47028500 1.10 0.72428175
42.69672700 0.80 2.95072375
111.71934800 1.15 -2.10278125
114.54664500 1.10 0.72451575
121.05943800 0.90 -2.10278125
123.88646500 1.20 0.72424575
192.89216900 0.95 -2.10278125
195.27757100 0.90 0.28262075
201.44857200 1.05 -2.10278125
204.28349800 1.15 0.73214475
