269.18675400 1.20 -2.33858009
272.06376000 1.15 0.53842591
278.72668900 1.20 -2.33858009
281.30336900 0.85 0.23809991
350.58467700 1.05 -2.33858009
353.21147000 0.90 0.28821291
355.73818600 0.95 2.81492891
424.78592400 0.80 -2.33858009
427.32110800 0.90 0.19660391
429.69768800 0.95 2.57318391
436.21057500 1.10 -2.33858009
438.89579400 1.00 0.34663891
445.05826600 0.80 -2.33858009
447.53503500 1.00 0.13818891
450.06181800 1.00 2.66497191
518.98447800 1.10 -2.33858009
521.66138100 1.20 0.33832291
524.13793200 0.85 2.81487391
526.61476900 1.05 5.29171091
533.17755700 0.80 -2.33858009
535.65427700 0.95 0.13813991
538.18105500 0.90 2.66491791
544.61053600 0.80 -2.33858009
