273.18118400 1.20 -1.84570595
275.75790800 1.15 0.73101805
278.38473800 1.15 3.35784805
347.61595300 1.20 -1.84570595
350.09263700 1.10 0.63097805
352.56935900 1.10 3.10770005
358.99053700 1.10 -1.84570595
361.27529400 0.85 0.43905105
369.85644600 1.20 -1.84570595
372.68326700 1.15 0.98111505
441.82284000 1.20 -1.84570595
444.29940100 0.95 0.63085505
450.86228700 1.00 -1.84570595
453.68929600 1.10 0.98130305
460.10206800 1.10 -1.84570595
462.87895500 1.05 0.93118105
469.39171000 0.85 -1.84570595
471.96855400 1.00 0.73113805
474.49536300 1.10 3.25794705
542.92591000 0.85 -1.84570595
545.60283500 1.15 0.83121905
