269.80750200 0.90 -2.05449718
272.03242700 0.90 0.17042782
278.34046300 0.80 -2.05449718
281.06556800 1.00 0.67060782
283.49053600 1.10 3.09557582
352.71298000 1.15 -2.05449718
355.18775400 1.05 0.42027682
357.81260300 1.00 3.04512582
363.77064600 0.95 -2.05449718
366.19559300 0.95 0.37044982
368.67062600 1.10 2.84548282
371.39545400 1.05 5.57031082
440.48455500 1.10 -2.05449718
442.90928000 0.90 0.37022782
449.51745700 1.00 -2.05449718
452.14253500 1.15 0.57058082
458.80037300 0.90 -2.05449718
461.12538900 1.00 0.27051882
467.73333500 0.90 -2.05449718
470.30824700 0.90 0.52041482
539.60591000 1.20 -2.05449718
542.23088200 1.20 0.57047482
