2.32598000 0.80 -2.09684753
5.25122400 1.20 0.82839647
7.92585300 1.00 3.50302547
14.28442900 1.10 -2.09684753
16.70895300 1.00 0.32767647
19.28402100 1.15 2.90274447
26.09214000 1.20 -2.09684753
28.52498600 0.85 0.33599847
31.40031200 1.15 3.21132447
38.25829900 1.20 -2.09684753
40.68275300 0.80 0.32760647
46.64088000 0.80 -2.09684753
49.46618200 1.20 0.72845447
52.14105700 1.15 3.40332947
58.44893200 0.95 -2.09684753
61.27406600 1.20 0.72828647
130.23797100 1.10 -2.09684753
132.81275600 1.00 0.47793747
201.29327700 0.85 -2.09684753
