2.76772100 1.20 -2.15774805
5.49274200 1.10 0.56727295
7.96770700 1.15 3.04223795
14.57592700 0.95 -2.15774805
16.90052600 1.00 0.16685095
23.05891300 1.00 -2.15774805
25.73342900 0.95 0.51676795
28.35826700 0.90 3.14160595
34.76657500 1.05 -2.15774805
37.49150100 1.10 0.56717795
106.54709500 1.10 -2.15774805
109.22218900 1.20 0.51734595
111.49672800 0.85 2.79188495
113.97191300 1.15 5.26706995
182.90261600 1.20 -2.15774805
185.37720100 0.85 0.31683695
192.13543100 1.05 -2.15774805
194.66011200 0.80 0.36693295
200.86863100 1.20 -2.15774805
