267.02651300 1.05 -2.37317687
269.65527600 0.90 0.25558613
272.08354800 1.05 2.68385813
278.40061900 1.00 -2.37317687
280.92905100 1.15 0.15525513
283.65780100 1.15 2.88400513
286.23647100 0.90 5.46267513
292.61183800 1.15 -2.37317687
295.39074800 1.05 0.40573313
298.06941000 1.05 3.08439513
304.63684100 1.00 -2.37317687
307.15732400 0.80 0.14730613
309.78551900 1.10 2.77550113
315.99475000 0.80 -2.37317687
318.52275000 0.85 0.15482313
321.10113500 1.15 2.73320813
390.35501700 1.20 -2.37317687
392.88341000 1.00 0.15521613
461.65345900 1.15 -2.37317687
464.13200500 0.85 0.10536913
533.30237900 1.15 -2.37317687
536.03121600 1.00 0.35566013
542.34834400 0.85 -2.37317687
