2.41763000 1.00 -2.49118550
4.69243800 0.80 -0.21637750
10.90087400 1.05 -2.49118550
13.47591500 1.20 0.08385550
82.43139100 0.90 -2.49118550
85.15649300 1.15 0.23391650
87.83144600 1.20 2.90886950
90.45626700 1.15 5.53369050
96.56433400 1.10 -2.49118550
98.93898900 0.90 -0.11653050
105.39729800 1.05 -2.49118550
108.17215000 1.05 0.28366650
110.84694200 0.95 2.95845850
113.27202700 1.10 5.38354350
119.32980200 0.80 -2.49118550
122.05499000 1.10 0.23400250
124.37972400 0.90 2.55873650
131.08800100 1.10 -2.49118550
133.66283900 1.05 0.08365250
140.32065800 0.80 -2.49118550
