334.89694400 1.00 -2.06541362
337.52182500 1.00 0.55946738
339.99674300 1.00 3.03438538
346.56312400 1.00 -2.06541362
349.08812000 1.05 0.45958238
355.94629600 1.20 -2.06541362
358.52120200 1.15 0.50949238
427.74359900 1.20 -2.06541362
430.41843500 1.15 0.60942238
432.99343800 1.20 3.18442538
501.73214900 0.85 -2.06541362
504.10716200 0.95 0.30959938
511.01524600 1.10 -2.06541362
513.54022300 1.05 0.45956338
516.01491600 0.80 2.93425638
518.79008100 1.20 5.70942138
524.74801500 0.95 -2.06541362
527.12300300 1.00 0.30957438
533.23092700 0.85 -2.06541362
535.80587300 0.90 0.50953238
542.31405000 0.95 -2.06541362
