2.76787900 1.10 -2.13977200
5.44266900 1.05 0.53501800
12.05077900 1.05 -2.13977200
14.57538200 0.80 0.38483100
17.50072400 1.20 3.31017300
19.82536400 0.95 5.63481300
26.43357300 1.10 -2.13977200
28.65827000 0.85 0.08492500
31.08332600 1.00 2.50998100
37.74130000 1.05 -2.13977200
40.31627100 1.05 0.43519900
42.84095700 0.80 2.95988500
49.09915700 0.90 -2.13977200
51.77433800 1.20 0.53540900
58.24910100 1.15 -2.13977200
60.72371200 0.90 0.33483900
67.79878900 1.20 -2.13977200
70.33166400 0.90 0.39310300
76.80653800 0.95 -2.13977200
