206.40976900 0.90 -2.26466723
209.13482500 1.05 0.46038877
211.85977900 1.10 3.18534277
218.61764900 0.95 -2.26466723
221.44280500 1.20 0.56048877
227.45063900 0.90 -2.26466723
230.12560900 1.00 0.41030277
299.44801000 1.10 -2.26466723
301.92283800 1.00 0.21016077
308.58094600 1.00 -2.26466723
311.20581600 1.00 0.36020277
313.73069000 0.95 2.88507677
315.95548700 0.90 5.10987377
385.25304500 1.15 -2.26466723
387.97799500 1.15 0.46028277
390.70275300 1.00 3.18504077
459.54192300 1.15 -2.26466723
462.31667400 1.05 0.51008377
464.54136500 0.85 2.73477477
533.50574200 1.20 -2.26466723
536.08039500 1.00 0.30998577
542.38860300 1.00 -2.26466723
