272.59954300 1.10 -1.84267376
275.22438100 1.05 0.78216424
277.34905600 0.80 2.90683924
346.38853200 1.15 -1.84267376
348.76333600 1.05 0.53213024
355.38009200 1.10 -1.84267376
357.85446100 0.90 0.63169524
360.32930800 0.80 3.10654224
429.66033100 1.15 -1.84267376
431.98508400 0.90 0.48207924
438.44326600 1.00 -1.84267376
440.71813400 0.95 0.43219424
443.19298700 0.90 2.90704724
449.65969400 1.15 -1.84267376
451.93428000 0.85 0.43191224
454.35915900 0.80 2.85679124
460.71734800 0.90 -1.84267376
463.09223700 0.90 0.53221524
532.17305500 0.95 -1.84267376
534.99818200 1.15 0.98245324
541.80606600 1.00 -1.84267376
