2.37623800 1.05 -2.51367310
5.00127900 1.20 0.11136790
12.00924100 1.05 -2.51367310
14.33399500 0.95 -0.18891910
20.59194400 0.80 -2.51367310
23.36716400 1.10 0.26154690
25.64179600 0.85 2.53617890
28.01675900 0.90 4.91114190
34.32489500 0.90 -2.51367310
36.84989800 1.05 0.01132990
105.97238200 1.10 -2.51367310
108.44716300 1.00 -0.03889210
114.95545000 1.15 -2.51367310
117.83034500 1.20 0.36122190
120.50504200 1.00 3.03591890
123.38010300 1.15 5.91097990
129.33806400 1.00 -2.51367310
132.06295400 1.00 0.21121690
134.83803000 1.15 2.98629290
140.99579400 0.85 -2.51367310
