2.57607400 1.00 -2.21619300
5.10126700 1.20 0.30900000
7.42571500 0.80 2.63344800
14.29240300 1.10 -2.21619300
16.86730000 1.10 0.35870400
19.29218600 1.05 2.78359000
25.80862400 1.05 -2.21619300
28.38334800 0.85 0.35853100
31.05832600 0.95 3.03350900
100.15575100 0.95 -2.21619300
102.98080900 1.10 0.60886500
105.70562300 1.00 3.33367900
174.78651900 1.20 -2.21619300
177.71143300 1.20 0.70872100
246.19177600 0.80 -2.21619300
248.66705000 1.15 0.25908100
251.09172700 0.90 2.68375800
320.23107000 1.10 -2.21619300
323.10592100 1.15 0.65865800
329.83062000 1.10 -2.21619300
