2.61773700 0.90 -2.02771583
4.84256300 0.85 0.19711017
73.59847400 1.10 -2.02771583
76.22304100 0.95 0.59685117
82.43132400 0.95 -2.02771583
85.00631800 1.10 0.54727817
153.49511100 0.85 -2.02771583
156.07031400 1.15 0.54748717
162.17813800 0.90 -2.02771583
165.00337100 1.20 0.79751717
171.61124700 1.05 -2.02771583
174.48628700 1.20 0.84732417
176.81078600 0.80 3.17182317
179.23572100 0.80 5.59675817
185.64401600 1.05 -2.02771583
188.36905400 1.15 0.69732217
190.89398700 1.20 3.22225517
197.35180800 0.95 -2.02771583
