2.26751200 0.95 -2.15781421
4.89263600 1.20 0.46730979
74.28995800 1.20 -2.15781421
76.76455400 0.90 0.31678179
82.57248000 0.80 -2.15781421
85.24763800 1.20 0.51734379
91.85592600 1.20 -2.15781421
94.53079600 1.15 0.51705579
96.90552900 1.00 2.89178879
165.83618100 1.00 -2.15781421
168.41122500 1.10 0.41722979
170.93603300 1.05 2.94203779
173.51107400 1.15 5.51707879
180.26915400 1.20 -2.15781421
182.94376400 0.95 0.51679579
185.36886700 1.10 2.94189879
254.10755300 0.80 -2.15781421
256.48256000 0.90 0.21719279
325.56342000 1.10 -2.15781421
