272.29893600 1.00 -2.04397410
274.57364300 0.80 0.23073290
343.65468800 1.15 -2.04397410
345.97930200 0.95 0.28063990
415.31009300 1.05 -2.04397410
418.13510900 1.15 0.78104190
424.49309300 1.05 -2.04397410
427.21812300 1.15 0.68105590
433.42581900 0.80 -2.04397410
436.05091500 1.00 0.58112190
438.57592100 1.10 3.10612790
445.33396600 1.05 -2.04397410
447.90869000 0.90 0.53074990
450.38372100 1.00 3.00578090
452.75846600 0.85 5.38052590
459.36657900 0.90 -2.04397410
461.89143700 0.80 0.48088390
468.34954800 0.90 -2.04397410
470.87477700 1.20 0.48125490
473.24937300 0.90 2.85585090
542.08851500 1.05 -2.04397410
