207.41846200 1.05 -2.27490623
209.89312400 0.80 0.19975577
279.12419900 1.15 -2.27490623
281.74890100 0.95 0.34979577
284.02367000 0.80 2.62456477
353.01282600 0.90 -2.27490623
355.58768200 0.85 0.29994977
361.79579100 0.85 -2.27490623
364.32098700 1.15 0.25028977
433.31008600 1.20 -2.27490623
435.73489200 1.10 0.14989977
438.15962400 1.00 2.57463177
440.93471500 1.10 5.34972277
509.86512800 0.85 -2.27490623
512.69040600 1.20 0.55037177
519.44820800 0.95 -2.27490623
521.82309300 0.95 0.09997877
524.34820500 1.10 2.62509077
526.87308100 1.10 5.14996677
533.23083100 0.80 -2.27490623
535.75587500 0.90 0.25013777
542.46409100 1.00 -2.27490623
