0.07590819604  
0.1143492291  
0.106515437  
0.09240027693  
0.09055300571  
0.0855447382  
0.08945236773  
0.089027047  
0.06304951135  
0.09187865142  
0.06971383411  
0.09807086755  
0.08837172989  
0.05319619146  
0.06832496023  
0.09238758559  
0.1062356558  
0.09623836003  
0.05524752156  
0.09329930004  
0.118205845  
0.09034969428  
0.1114713888  
0.1257603233  
0.05582213683  
0.0620214506  
0.04748689832  
0.09027407728  
0.09962674822  
0.1117515551  
0.09315206403  
0.09910903826  
0.1055068767  
0.1232488031  
0.09795448009  
0.06666091291  
0.07886097461  
0.08524903763  
0.06100356416  
0.07379250529  
0.08580282298  
0.07920875262  
0.05495261875  
0.05325649435  
0.06610728815  
0.1110508459  
0.09118071142  
0.09843740745  
0.1098485842  
0.08611344322  
0.06979921277  
0.08846926367  
0.099731288  
0.120693211  
0.09043684731  
0.09061223564  
0.07813326837  
0.08659776472  
0.1003295302  
0.1168929731  
0.1478765021  
0.005408959886  
0.05505287135  
0.09822994204  
0.08266613695  
0.09374392382  
0.1066131267  
0.1062654312  
0.07237360368  
0.07154039932  
0.07132519434  
0.1070501393  
0.09133394465  
0.1281537595  
0.08783263516  
0.09302821203  
0.08709639145  
0.08048062465  
0.07593820532  
0.0880831086  
0.1072840699  
0.08269206093  
0.07826434655  
0.0520247692  
0.08587474428  
0.09376715184  
0.0818175039  
0.06505990136  
0.09162179556  
0.0562826709  
0.116147651  
0.09204411758  
0.1209929832  
0.07149448903  
0.07862212902  
0.05960324116  
0.07771833762  
0.1008183908  
0.1010843893  
0.1002350684  
0.09181149847  
0.07927798727  
0.1057446495  
0.0684464829  
0.0984767933  
0.1121747943  
0.0820544331  
0.09983889964  
0.114355914  
0.04980226451  
0.04617370554  
0.04886693688  
0.1149067007  
0.07836735472  
0.1066944383  
0.08780832517  
0.09402262296  
0.07718078339  
0.09150356478  
0.09098016948  
0.1235776629  
0.1720695819  
0.08232405367  
0.08631468223  
0.0911139436  
0.1018647963  
0.08249805722  
0.1150955507  
0.1081613138  
0.09853994819  
0.06696075845  
0.08909928036  
0.1023145005  
0.09059992918  
0.132170853  
0.08651222556  
0.05500269694  
0.07369326129  
0.09105209098  
0.07591007136  
0.06354999975  
