0.006347424178  
0.0095618536  
0.008906793889  
0.007726487802  
0.007572019431  
0.007153229413  
0.007479984416  
0.0074444192  
0.005272184181  
0.007682869583  
0.005829453187  
0.008200661146  
0.007389621707  
0.004448252113  
0.005713315891  
0.007725426578  
0.008883398725  
0.008047427382  
0.004619783798  
0.007801663881  
0.009884342872  
0.007555018629  
0.009321209371  
0.01051604645  
0.004667832974  
0.005186218027  
0.003970842435  
0.007548695506  
0.008330763535  
0.009344636784  
0.00778935203  
0.008287472815  
0.008822458355  
0.01030603375  
0.008190928845  
0.005574168662  
0.006594334758  
0.007128502995  
0.005101102604  
0.006170510665  
0.007174810343  
0.006623415853  
0.004595124106  
0.00445329461  
0.005527874764  
0.009286043656  
0.007624508067  
0.008231311138  
0.009185510857  
0.007200784396  
0.005836592529  
0.007397777437  
0.008339505094  
0.01009233581  
0.007562306307  
0.007576972208  
0.006533484193  
0.007241283233  
0.008389529936  
0.009774560891  
0.01236539567  
0.0004522958601  
0.004603507161  
0.008213962962  
0.006912521491  
0.007838843189  
0.008914962701  
0.008885888506  
0.006051862468  
0.005982190114  
0.00596419476  
0.008951505596  
0.007637321329  
0.01071618502  
0.007344542768  
0.0077789956  
0.007282978198  
0.006729769502  
0.00634993357  
0.007365487285  
0.008971066746  
0.006914689234  
0.006544444839  
0.004350298046  
0.007180824403  
0.007840785501  
0.006841559015  
0.005440292487  
0.007661391363  
0.004706342716  
0.009712237207  
0.007696705847  
0.01011740275  
0.005978351121  
0.006574362577  
0.004984007959  
0.006498787747  
0.008430408376  
0.008452651054  
0.008381631112  
0.007677254288  
0.006629205284  
0.008842340863  
0.005723477649  
0.008234604578  
0.009380027924  
0.00686137093  
0.008348503542  
0.009562412641  
0.00416445277  
0.003861033601  
0.004086240913  
0.009608469258  
0.006553058424  
0.008921762002  
0.007342509965  
0.007862148002  
0.006453837593  
0.007651504997  
0.007607738772  
0.01033353293  
0.01438841502  
0.006883916576  
0.007217611902  
0.007618924959  
0.008517908529  
0.006898466702  
0.009624260891  
0.00904442172  
0.008239885599  
0.005599241683  
0.007450459312  
0.008555512638  
0.007575943155  
0.01105209332  
0.007234130458  
0.004599311604  
0.006162211886  
0.00761375283  
0.006347580952  
0.005314034919  
