-0.1703143892  
-0.2565641142  
-0.2389875212  
-0.2073174906  
-0.203172788  
-0.1919357933  
-0.2007032989  
-0.1997490116  
-0.1414634989  
-0.2061471253  
-0.1564161672  
-0.2200405327  
-0.1982786837  
-0.1193557129  
-0.1532999657  
-0.2072890149  
-0.2383597791  
-0.2159289558  
-0.1239582597  
-0.2093346187  
-0.2652171614  
-0.2027166207  
-0.2501071359  
-0.2821670616  
-0.1252475177  
-0.1391568502  
-0.1065458342  
-0.2025469595  
-0.2235314453  
-0.2507357421  
-0.2090042673  
-0.2223698652  
-0.236724625  
-0.2765319912  
-0.2197793953  
-0.1495663611  
-0.1769395062  
-0.1912723333  
-0.1368730295  
-0.1655674368  
-0.1925148552  
-0.1777198116  
-0.1232965895  
-0.1194910138  
-0.1483241993  
-0.2491635681  
-0.204581165  
-0.2208629344  
-0.2464660671  
-0.193211791  
-0.1566077304  
-0.198497519  
-0.2237659998  
-0.2707980373  
-0.2029121651  
-0.2033056816  
-0.1753067596  
-0.1942984574  
-0.2251082693  
-0.2622714851  
-0.3317888903  
-0.01213602413  
-0.1235215254  
-0.2203974466  
-0.1854771072  
-0.2103322165  
-0.2392067064  
-0.238426586  
-0.1623838628  
-0.1605144114  
-0.1600315582  
-0.2401872265  
-0.2049249726  
-0.2875371884  
-0.197069123  
-0.208726382  
-0.1954172211  
-0.180573497  
-0.1703817208  
-0.1976311075  
-0.2407120941  
-0.1855352726  
-0.1756008581  
-0.1167274055  
-0.1926762245  
-0.2103843328  
-0.1835730384  
-0.1459741889  
-0.2055708206  
-0.1262808129  
-0.2605992141  
-0.2065183798  
-0.271470633  
-0.1604114029  
-0.1764036109  
-0.1337311403  
-0.1743757838  
-0.2262051204  
-0.2268019385  
-0.2248963268  
-0.2059964548  
-0.1778751526  
-0.2372581136  
-0.1535726251  
-0.2209513039  
-0.2516853587  
-0.1841046338  
-0.2240074469  
-0.2565791131  
-0.1117407961  
-0.103599438  
-0.1096422117  
-0.2578149072  
-0.1758319766  
-0.2393891444  
-0.1970145787  
-0.2109575307  
-0.1731696795  
-0.2053055475  
-0.2041312111  
-0.2772698504  
-0.3860706388  
-0.1847095787  
-0.1936633083  
-0.2044313585  
-0.2285529294  
-0.1850999888  
-0.2582386281  
-0.2426803565  
-0.2210930037  
-0.1502391213  
-0.1999110806  
-0.2295619255  
-0.2032780702  
-0.2965502971  
-0.1941065342  
-0.1234089495  
-0.1653447644  
-0.2042925804  
-0.1703185968  
-0.1425864392  
